   87       8       8
   99       3       1
   87      45       9
   44      38       5
   28      50       1
   58      37       7
   35      28      10
   33      32       6
   71      17      10
   67      24       3
   14      69       3
   37      54       1
   48      37       3
   71      12       4
   34      56       8
   49       6       1
   19      27       1
   97      67       6
   99      42       7
   50      83       2
   30      67       2
   52      92      10
   62      19       5
   50      77       5
   53      44       5
   82      72       2
   92      38       1
   99      86      10
   29      55       4
   35      76       6
   22      62       1
   25      56       5
   41      50       4
   60      58      10
    3       5       9
   57      75       4
   16      82       3
   58      15       6
   21      74       2
   99      88       5
   44      31       9
   36      17       2
   68      57       4
   96      90       1
   41      47       2
   52      96       6
   11      90       2
   24      96       5
   96      21       9
   21      15       5
   60      67       5
   70      60       2
   14      82       9
   66       8       5
   99      34       2
    7      19       2
   44      21       3
   72      24       8
   14       2       1
   52      97       4
   58      96       8
   54      49      10
   48      32       1
   35       6       2
   52      98       8
   28      48       6
   23      45       5
   78      53      10
   75      39       7
   25      87       6
   82      86       2
   25      25       3
   27      29      10
   66      66       7
   51      32       1
    9      14       9
   91      17       3
   18      20       3
   45      53      10
   10      41       7
   54      94       3
    4      97       2
    5      47       5
   64      30       1
   21       8       1
   14       2       6
   55      35       5
   76      17       7
   82       7       5
   52      32       1
   26      33       6
    4      20       3
   68      33       5
    5      53       6
   63      42      10
    7      24       2
   79       5       2
   28      20       9
   83      37       5
    1      46      10
   41      35       5
   86      56       1
    6      62       3
   19      19       3
   77      77       7
   74      60      10
    1      48       8
   38      50      10
   87      74       4
   93      80       3
   75      70       8
   22      62       6
   20      29      10
   63      78       7
    6       8       4
   34      55       5
  100      63       2
   58      33       6
   33      47       5
   53      13      10
    6      78      10
   78      14       5
   47      26       1
   11      83       6
    7      53       3
   57      26       9
   75      98       8
   29       5       4
   50      87       1
   68      56       3
   62      89       1
   41      97       5
   70      31       7
   65       8      10
   77      21       6
   30       3       6
   85      65       2
   23      46       3
   60      75       5
   66      30       8
   68      99       5
   32      47       4
    6      51       7
   17      97       6
   26       7       7
   62      49       6
   18      45       8
   77      91       9
   14      19       6
   87      74       5
   62      19       5
   43      63       2
   28      13       8
   53      80       2
   82      16       2
   53      19       2
    8      61      10
   17      10       1
   16      87       7
   25      34       8
   97      55       2
   67      58       6
   53      85       3
    6      83       6
   39      73       2
   23      33      10
   71      39       3
   80      60       1
   79      89       4
   94      34       4
   89      48      10
   37      87      10
   58      84      10
   87      43       7
    2      34       6
   21      77       5
   73      75      10
   80      32       8
   39      94       7
    9      69       9
   15      93       6
   28       9       5
    2      89       1
   52      10       7
   60      20       5
   34      39       6
   43      81       9
   67      63       2
   21       8       9
   22      31       9
   45      93      10
   95      45       5
   57      57       7
   34      31       7
   29      13       2
   91      19       4
    7      21       6
   84       8       3
   27      84       3
    2      94       3
   27      38      10
   51      94       4
   20      15       2
   83      25       1
   37      40       4
   47      62       6
   87      13       9
   39      43       6
   28      46       5
   13       9       8
   11      68       8
   43      89       6
   44      89       2
   71      66       4
   73      87      10
    2      18       3
   55       9       4
   24      23       5
   22       4      10
   47      19       3
   57      27       5
    7      23       2
   55      56       4
   79      64       6
   33      39      10
   52       2       4
  100      41      10
   86      21       8
   90      83       1
    3      80       9
   14      80       4
   33      62       3
   62      39      10
   37      91       1
   37      64       2
   91      82      10
   38      91       8
   64      45       6
   49      74       1
   83      97       7
   67      31       4
    6      21       2
   87      81      10
    9      87       2
   56      54      10
    4      85       4
   22     100       9
   15      71       3
   64      85       7
   44      31      10
   55      41       6
   47      28       3
   69      69       9
   41      99       8
   94      73       5
   26      31       1
   69      78       6
   58      65       4
   63      37      10
    2      13       3
   89      50      10
   37      47       8
   60      76       6
   83      39       8
   24      50       2
   12      21       8
   95      87       7
   79      68      10
   80      78       4
   21      43       9
   35      91       9
    1      90       1
   67      75       6
   19      76       1
   34      62      10
   33      36       4
   95      21       7
   16      49       2
   95       3       2
   57      37       6
   12      23       8
   93      53       1
   89      92       4
    5      33       5
    7      99       8
   23      18       2
   78      98       1
   22       9       8
   74      85       5
    4       2       6
   53      18       1
   43      84       5
   27      94      10
   73      15       4
   89      78       1
   74      57       2
   19      56       9
   21       4       5
  100      88       9
   51      62       1
   36      61       8
   35      90       6
   90      98       1
   22      62       3
   39      54       3
   95       6       3
   62      43       6
   61      43       1
   62      73       4
   63      24       5
   58      34       2
   34      41       1
   89      61       6
   24       7       6
   50      93       9
   59      50       2
   66      64       1
   54      50       4
   79      40      10
   96      46       2
   31      69       1
   89      62       2
   88      66       8
   34      29       5
    8       8       2
   32      70       8
   53      83       4
   65      97       4
   93      47       1
   88      92       5
   98      43       8
   33      12       8
   61       7       5
   89      92       5
   51      18       7
    8      38       2
   67      75       7
   59      38       8
   25      97      10
   67      56       7
   40      39       5
   60      80       9
   48      84      10
   60      91       5
   93      67       5
   68      10       9
   40      60       5
   63      96       7
   67      29       9
   98       9       2
   32      71       1
   53      78       9
   25      37       3
   97      53       8
   94      10       3
   93      45       4
   96      28       7
   98       6       2
   31      79       1
   55      30       2
   93      11       4
   20      60       2
   50      32       5
   78      71       3
    3      41       7
   96      71       8
   51      31       2
   69      29       1
   35      14       3
   51      30       6
   24      38      10
   46      55       7
   65      98       8
   96      38       9
   57       1      10
   90      17       2
   24      14       3
   74       2       8
   43      77      10
   99      22       7
   80       6       5
   86      88       8
   67      84       8
   67      94       2
    6      31       7
   26      47       4
   44      51       6
   61      31       5
   36      73      10
   22      31       4
   32      75       6
   86      44       2
   36     100       3
   74      49      10
   60      15       9
   62      94       7
   58      98       8
    3      57       2
   85      77       1
   47      67       1
   68      45       3
   25      64       9
    3      20       6
   17      93       9
   61      79       6
   86      93       9
   40      93       6
   84      69       4
   48      38       5
   74      54       9
   85      73       9
    6      88       8
   64      22      10
   15      23       7
   10      93       1
   24      33       8
   68      87       5
   21      40       8
   90      95       5
   70      91       1
   31      48       2
   88      35       2
   92      41       6
   73      48       3
    8      96       2
   21      27       1
   75      21       2
   53      74       6
   11      99       5
   91      95       5
    8      16       9
   36       5       3
   89      69       4
   56      53       5
   18       5       6
   26      58       4
    5      26       9
   15      91       3
   83      88       9
   10      46       2
    7      70       4
   47      64       6
    5      14       7
   12      19      10
   60      54       2
   80      98       5
   14      40       9
   15      59       8
   70      14       6
   49      91       6
   24      28       2
    9      65       7
   98       4       8
   14      44       6
   75      71       8
   72      36      10
   35      86       7
   82      90       8
   25      56       9
   76      69       9
   33      76       3
    4      36       2
    3      68       7
   59      46       9
   63      97       8
   30      37       4
    5      31       6
    4      40       6
   28      30       5
   31      14       5
   28      10       6
   12      41       8
   40      79       2
   22      58       2
   50       9       4
   69       9       6
   70      61       3
   74       4       1
   26      55       3
    3      84       1
   45      48       3
   51      89       2
   21      37       7
   24      62       2
   80      74       7
   45      72       4
   41      43       6
   79      27       9
   77      52       9
   29      62       5
   80      97       7
   77      13       9
   49      48       9
   85      50       1
   15      77       3
   88      46       2
   84      27       5
   84      51       5
    7      37      10
   79      69       4
   47      68       6
   81      64       5
   16      35      10
    6      25       7
   28      28       1
   74      93       7
   17      75       3
   89      29       4
    9      20      10
   24      83      10
   24      96       7
   30      77      10
   88      56       1
   90      50       5
   98      85       2
   53      61       5
   33      42       1
   64       1       8
    9       3       1
   98      18       7
   29      43       4
   77      94       9
   25      33       3
   30       6       8
    1      79       5
   43      11       5
   20      75       3
   30      17       8
   90      95       2
    1      93      10
   50      10       4
   99       8       5
   29      63       9
   77      46       3
   83      67       3
   48      62       2
   50      86       5
   68      49       6
   78      34       5
   72      44       1
   13      18       1
   23      49       2
   42      74       7
   75      25      10
   39      75       1
   76      18       3
   88      78       5
   22      46       5
    5      39       4
   48      32       6
   29      46       3
   37      67       4
   23      38       4
   30      68       3
   88      23       5
   29      50       1
   19      87       7
   21      44       6
   18      54       8
   71      92       4
   85      38       7
   50      53       9
   68      40       7
    4      58       2
   66      56       9
  100      51       9
   89      66       4
   38      64       4
   58      12       2
   75       6       7
   17      84       6
   42      28       2
    7      64       8
   63      31       5
   49      24       8
   90      69       2
    3      40       6
   33      65       4
   61      27       2
   17      34       6
   97      13       6
   44       8       4
   43      28       9
   85      81       9
   31      17       2
   38      90       9
   40      98       7
   64      23       4
   23      33       9
   24      49      10
   72      31       9
   34      19      10
   43      56       7
   82      84       2
   73      58       2
   22      89       8
   98      66       3
   94      78       2
   61      81       6
   80      68      10
   40      71      10
   88      67       1
   61      96       5
   15      56      10
   34      46       4
   31      33       7
   37       8       4
   39      68       8
   22      16       1
    2      90       6
   37      48      10
   12      16       9
   92      93      10
   62      19       1
   92      92      10
   64      20       6
   26      94       7
   66      97       9
   35      36       4
   10       1       6
   79      32       1
   27      70       7
   40      76       1
   83     100       2
   42      12       2
   94      34       1
   59       4       8
   78      75       9
   22      34       8
    2       2      10
   17      86       5
   86      61       4
   21      23       7
   15       2       4
   52      45       9
   63      40       8
   90      99       7
   52      42       4
   62      45       1
   22       2       3
   11      35       5
   75      23       1
   82      37       4
    9      48       1
   30      27       8
   10      27       1
   72      44       8
   75      33      10
   47      11       5
   29      88       3
   99      52       9
   34      94       5
   45       9       1
   35      30       7
   40      87       4
   58      93       6
   62      75       4
   33      79       8
   97      58       1
   46      92       8
   53      12       5
   33      81       9
    3      15       6
   77      83       1
   60      63       4
   11       5       8
    8      21       8
   18      29       5
   92      11       8
   45      52       2
    8       7       3
   47      39       7
   15      28       3
   55      54       9
    2      58       7
   31      26       7
   36      38       6
   34      81       6
   14      43       6
   58      19       2
   42      12       2
   89      89       1
    9      65       3
   30      88      10
   64      79       7
   84      30       3
   89      82       6
    3       9       3
   53       4       6
   32      22       5
   30      72       1
   95      55       3
   27      35       1
   63      13       5
   28      86       3
   79      95       9
   54      84       4
   13      65       6
   58      47       9
   33      74       3
   75      51       7
   99       5       3
   50      62       1
   66      64       2
   88      59       9
   31      32      10
   87      19       9
   90      83       8
   89       7       9
   35      33       6
   71       5       1
   94      67       2
   59       6       1
   94      86       2
   17      77       4
   13      70       6
   65     100       7
   45      87       9
   59      75       9
   75       8       7
   37      32       6
   35      29       7
   87      74       3
   22      12       1
   65      87       1
   31      42       4
   96      49       9
   26      44       4
    6       9       6
   76       1       6
   46      59       2
   18      96       3
   95      35      10
   65      18       4
   98      98       6
   36      16       2
   53      89       3
    6      72       9
   67      68       6
   26      18      10
   21      58       2
   59      87       1
   64      75       4
    1      15       7
   83      32       2
    5      97       3
   19      55       3
   23      61       6
   63      12       1
   86      87       8
   89      64       5
   64      43       7
   69      86       2
   69      94       7
   72      32       8
    5      15      10
   42       1       6
    9      94      10
   38      38       3
   92      62       1
   48      63       4
   69      27       1
   87      29       8
   43      85       9
   28      98       6
   96      87       5
   50      63       8
   51      88       9
   98      46       7
    1      48       6
   50      61       9
   67      36       8
   81      66       7
   42      87       9
    3      15       9
   13      57       9
   70     100       3
   97      64      10
   90      43       6
   24      88       7
   94      76       4
    8       2       2
   77      79      10
   39      13       8
   10      27       9
   79      70       3
   33      23       3
   22      57       1
   18      29       8
    2      36       5
   48      15       9
   95      38       7
   56       1       8
   75      49       8
   15       5       4
   98      71      10
   35      21       7
   75      24       8
    2      94       3
   52      26       2
   56      25      10
   48      94       6
   26      59       5
   65      12       2
   76      19       4
   88      88       8
   28      82       2
   61      72       5
   42      47       2
   68      91       2
   84      29      10
    4      47       2
   47      64       5
   79      78       2
   49      99       1
    9      75      10
   23      47       4
   24       8       2
   97      93       6
   35      93       9
   10      66       5
   50      79       2
   80      99       7
   89      43       5
    7      80       5
   99      73       5
    4      11       4
   69      17       4
   67      68       5
   51      44       3
   48      53       1
   52      28       8
   54      83       5
   98      75       6
   61      32       4
   64      22       7
   62      58       6
   68      27       3
    9      56       8
   56      29       5
   29      11      10
   87      48       1
   31      69       8
   75       2       4
   96      63       7
   30      73       2
   94      31       9
   56       3       5
   72      73       1
   45      86       2
   70      35       8
    2      19       2
   17      61      10
   52      16      10
   15      30       2
   72      69       4
   12      88      10
   52      93       8
   43      75       5
   63      56      10
   89      54       9
   40      80       4
    3      57       5
    1      14       4
   28      79      10
   51      83       8
   33      58       1
   64      46       1
   84      71       3
   50      84       2
   41      42       2
   84      11       6
   62      64       2
   49      93       5
    8      63       6
   38      90       1
    4      14       8
   58      60       4
   28      41       3
   38      95       4
   62      94       6
   65      10       1
   34      46       8
   66      35       9
   59      10      10
   13      47       3
   65       7       6
   15      65       8
   19       8       8
    3       1       5
   96      33       9
   75      59       7
   92      71       4
   89      77       1
   82      19       7
   61      54       4
   15      70       9
   89      38       6
   28      51       3
   57      37       9
   73      29       5
    3      83       8
   83      66      10
   68      26       1
   74       6       5
   91      52       2
    3      20       1
   87      82       4
   84      69       2
   95      52       3
   95      84       5
   49      63       6
   63       1       9
   25      81       3
   18      28       4
   30      10       6
   44      88       8
   64      20       6
    1      88       1
   62      94       9
   17      28       8
  100      19       2
   39      98       9
   95      98       9
   48      69       8
   43      84       2
   94       1       3
   98       6       9
   90      12       2
   41      88       2
   15      41       4
   24      78       2
   77      17       4
   27      60       5
   88      13       7
    4      31       3
   67      39       8
    4      39       6
   47      86       7
   71      86       8
   38      62       2
   36      74       1
   66       4       5
   63       9       9
   85      15       2
   13      27       2
   94      63       9
   24      48       8
   33      91      10
   74      94       3
   93      20       5
   97      76       7
   25      66       1
    2      61       9
   27      52       2
    2      18       9
   85      37       1
   49      72       5
    7      65       4
   22      50       2
   61      60       4
   22      76       8
   73      90       9
   71      62       9
   68      70       3
   53      62       8
    4      96      10
   68       5       3
   19      66       4
   90      71      10
   86      82       3
   99      47       8
   53      48       3
   41       1       9
   11      69       6
   23      55       5
    8      23       8
   32      72       3
   45       1       1
   63      23       1
    5      96       4
   74      70       6
   99       7       5
   48      15       7
    3       3      10
   58       5       4
   62      20       5
   32      98       5
   20      53       7
   52      80       5
   21      21       5
   80      48      10
   45      35       3
   58      39       5
   24      72       3
   28      79       5
   35       5       7
   82      82       8
   70      10       7
    4      48       2
   38      17      10
   37      51       4
   74       5       6
   69      80       9
   37      57       4
   39      11       9
   56      75       5
   48       8       3
   11      82       4
    2      68       6
   37       4       2
   91      13       2
   61      27       8
   61      33       3
   44      78       2
   47       4       9
   79      58       4
   95      21       8
   18      71       6
   45      86       2
   16      41      10
   59      99       8
   27      79       8
   28      18      10
   21      20       5
   93      77       3
   38      34       4
   81      27       2
   89      89       2
   41      24       5
   96      14       1
   32      76       5
    3      93       3
   46      17       5
   44      89      10
    2      70       8
   83      74       1
   22      70      10
   26      39       1
   64      29       3
   14       7       4
   92      94       4
   40       3       1
    4      65       4
   51      91      10
   99      73       3
   12      51       4
   34      54       3
   18       9       2
   54      10       9
   20       7       9
   25      70       8
   29       9       7
   47      94       6
   47      30       3
   61      99      10
   45       4       1
   56      50       8
   92      95       5
   76      38       5
   91       4       6
   95      36       8
    8      90       3
   48      62       2
   98      21       4
   69      31       4
   76      80       6
   79      35       8
   38      30       6
   49      12       8
    5      99       1
   74      97       4
   37      51       6
   86      28      10
    7      74       4
   94     100       4
   18      45       4
   83      94       6
   83       3       1
   25      30       5
   87      36       6
   30      63       3
   67      78       8
   48      71       6
  100      80       3
   24      77       5
   95      97       9
   85      80       9
    5      70       6
   54      82       2
   78      53       5
   79      46       3
   91      47       3
   39      78       9
    3      41       7
   84      29      10
    7      65       7
   73      86       7
   57      92       9
    3       1       9
   70      37       7
    9      90       5
   72      56       1
   14      48       3
   73      98       2
   84      68      10
   70      33       7
   41      32       7
   51      28       8
   74      82       9
   96      66       7
    8      83       3
   59      88       2
   64       6       4
   73      70       3
   10      48       7
   88      90      10
   29      72       3
   16      90       6
   11       4       3
   62      99       2
   13      20       7
  100       7       8
   52      25       1
   59      64       4
   66      21       7
    1      31       4
   52      58       6
   23      91      10
   39       2       2
   25      87       1
   33      27       2
   64      29      10
   94      31       3
   36      67       9
   36      34       3
   81      63       5
   68      15       6
   69     100       8
   82      91       7
   32      93       7
   99      59       2
   57       1       4
   79      17       6
   73      41       6
   44      53       6
   60      81       8
    3      30       4
    5      28       8
    2      79       6
   13      76       6
   91      35       9
   43      42       3
   70      46       3
   70      33       4
   74      50       1
   83      51       2
   36      51       6
   54      44      10
   33      75       9
   69      21       2
   34      59       1
   22      60       7
   23      78       2
   95      80       9
   23      45       4
    2      74       2
   60      96       1
   25      27      10
   69      92       2
   23      71       2
   11       1       1
   24      44       6
   51      35       8
   60      86       2
    7      88      10
   73      38       3
   45      85       1
   98      42      10
   40      15       2
   52      98       3
   49      41      10
   24      47       9
   49      89       7
   49      12       4
   15      30      10
   47      83      10
   20      66       7
    5      19       3
   40      58       3
   38      60       6
   49       2       8
   41      51       5
   35      32       4
   41      19       6
   80      21       4
   19      86       4
   84      46       7
   96      18       3
   50      25       7
    6       5      10
   33      57      10
   97      18      10
   81      57       3
   47     100       7
   21      24       9
   98      63       9
    2       9       6
   39      55       5
   19      42       1
   65      33       8
   23      37       7
   48      83       8
    3      19      10
   40      19       4
   86      71       2
   47      57       1
   20       9       8
   68      45       3
   56      20       9
   19      61       5
   70      83       5
   24      43       7
   33       7       8
    3      74       5
   41      95      10
   18      43       8
    4      56       7
   85      24       1
   30      31       8
   79      92       6
   75      70       8
   95      42       4
   56      88       1
   67      85       4
   69      95       6
   38      62       8
   98      54       3
   91      58       3
   82      43       9
   56       2       8
   40      24       8
   85       2       1
   81      36       8
   97      52      10
   71      13       6
   52      64       6
   40      68       3
    9      88       4
   73      10       5
   49      19      10
    1      64       3
   77      52       8
   84      10       6
   49      53       5
   22      12      10
   60      45       9
   61      78       4
   33      18       4
   83      92      10
   24      17       6
   49      44      10
   70      47       4
   45      62       6
   64      50       9
   52      30       5
   53      56      10
   73      15       8
   24      13      10
   74      99       3
   86      93       8
    5      38       5
   43      52       1
   57      63       9
   64      73       9
   67      50       4
   27      20       7
   51      71       5
    9      46       5
   28      57       5
   43      82       3
   73      27       8
   82      42       2
   35      86       4
   41      85       7
   99       2       8
   41       6       7
   95      95       2
   16      90       9
   59      42       8
    9      75      10
   33       3       2
   20      43       4
   56       1       7
   87      26       4
   45      85       7
   89      40       2
   10      55       1
   23      91       2
   51      26       2
   81      85       7
   36      78      10
   61      79      10
   37      99       6
   57      44       7
    9      14       6
   80      46       1
   55      93       8
   15      88       9
   11      17       7
   27      86       1
   71      64       5
   62      18       3
   40      42       3
   71      60       7
   26      75       2
   37     100      10
   42      65       6
   56       6       5
   35      88       5
    9      62       6
   74      75       3
   52      46       9
   58       4       4
   81      87       2
   68      34       6
    4      95       6
   36      47      10
   19      20       2
    9      63       5
   85      54       9
   85      67       1
   42      28       1
   68      86       8
   86      83       3
   16      49       8
   56      52       2
   10      98       4
   59      57       7
   79      45      10
   29      35       2
   84      86       1
    9      62       2
   63      43       3
   45      69       9
    7       4       3
   67      26       1
    2      94       4
   73      84       3
   95      49      10
   14      85       6
   72      37       9
   53      51      10
   99      60       9
   76       8      10
   18       8       3
   64      59       7
   68      50       1
   94      77       8
   12      73       6
    1      35       4
   38      81      10
   26      86       1
   13      18       1
   21       4       3
   96      96      10
   94      31       7
   92      96       5
   38      76       4
   92      95       4
   39      54       7
   30      88       8
   83      26       2
   70      28       9
   61      43       5
   41      26       4
   44      46       3
   58      89       7
   96       1       7
   12      40       4
   71      10       3
   46      87       1
   94      96       5
   73      12       8
   95      45       9
    9      11       4
    6      43       5
    1       1       3
   48      11       3
   69      38       1
   21      20       5
   82      74       8
   88      57       6
    8      99       6
   83       1       6
   30      95       9
   25      57       3
   65      28       2
   13       6       9
   16      37       6
    3      89       2
   40      81       9
   69      89       7
   87      76       4
   19       5       6
   64       1      10
   77      22       8
   82      67       2
   48      86       7
   56      33       4
   64      19       4
   66      44       4
   17      65      10
   80      19       9
   37      49       9
    9       4       9
   20      28       6
   93      98       6
   46      76       3
   15       6       9
   98      15       2
   86      62       2
   81      28       5
   95      82       1
    3      25       4
   37      67       3
   64      21       5
   91      83       3
   43      52       5
   98      78       6
   30      12      10
   84      54       1
   49      27      10
   18      92       4
   72      90      10
   56       1       8
   24      35       7
   31      10       8
   18      81       7
   69      76       7
   12      65       5
   50      68       9
   88      54      10
   93      78       6
   42      18       5
   45      96       3
   47      82       8
   98      54       5
   46      50       3
   22      90       3
   47       3       6
   29      79       2
   28      22       7
   32      98       1
   29      29      10
   70      14       9
   70      12       1
   33      30       2
   61      40       9
   38      38       2
   53      33       8
   41      21      10
   63      49       5
   64      50       9
   18      21       4
   69      27       3
   58      26       6
  100      53       7
   46      25       3
   98       3       4
   68      62       5
   61      81       4
   96      86       8
   35      85       2
   95      88       6
   50      14       6
   67      20      10
   92      84       1
   88      85       6
   27      57       2
   99      98       9
   85      15       2
   35      97       7
   97      17       7
   80      32       9
   83       2       8
   82      11      10
   34      76       8
   85      57       3
   49      96       9
    6      28       8
   74      82      10
   18      23      10
   10      47       2
   58      37       4
  100      46       6
   17      40       6
   26      47       3
   73      71       7
   71      98       5
   82      34      10
   26      39       2
   43      95       9
   56      96      10
   64      53       6
   24      41       6
   95      79       5
   51      29       3
   98      40       7
    2      25       9
   52      76       5
   28      29       4
   39      86       8
   17      32       7
   16      68       5
    5      83       1
   10      98       5
   18       5       6
   21      50       8
   25      91       1
   81      61       6
   89     100       5
   46      28       1
   55      77       8
   87      98       4
   86      82       6
   52      88       7
   72      84       4
   27      83       3
   96      73       1
   46       7       4
   13      67       3
   47      39       9
   42      59       9
   18      70       7
   93      87      10
   85      36       3
    8      16       6
   70      90       5
   97       2       6
   62      25       1
   22      40       6
   26      93       3
   69      70      10
   61      63       8
   40      59       3
   39      38       6
   87      45       5
   61      20       1
   78      85       9
   15      46       4
   86       4       4
   57      96       1
    4      40       4
   70      55      10
   65      54       1
   62      84       6
   17       7       2
   49      70       3
   40      91       8
   59      47       4
   76      18       3
   17      56       4
   26      97       1
   81      27       4
   71      12       7
   31      66       9
   52      77       3
   59      68       4
   68      22       4
   85      56       6
   53      49       4
    4      76       6
   65      93       2
   60      70       8
   62      37       8
   65      44       8
   51      42       5
  100      65       9
   77       8       2
   97       9       9
    6      32       2
    3      55       3
   97      45       2
   53      93      10
   95      38       3
   82       3       8
   76      82       4
   69      18       2
   14       5      10
   45      12       3
   68      84       9
    1      27       5
    5      97       6
   34      84       3
   70      58       9
    5       7       9
    5      24       8
   48      50       6
   21      39       1
   60      20      10
   60      99       7
   12      91       5
    2      55       9
   58      73       7
   74      28       6
   96      26       5
   24      37       1
   55      73       8
   36      90       9
   39      51       9
   25      11       2
   34      66       7
   75      11       8
   12      30       4
   86      65       8
   10      88       8
   45      15       4
   94      35       4
   52      95       6
   48      91       5
   22      46       6
   95      60       4
   28      61       1
   38      56       6
   44      81       2
   29      93      10
   57      29       2
   30      99       5
   67       3       8
   62      20      10
   60      32       4
   30      90       3
   91      78       3
   39      78       8
   83      43       4
   75      79       6
   62     100       8
   39       9       3
   49      31       5
   68      32       8
   27       7       5
   71       2       8
   77      98       8
   77      34       3
   24       1       6
    1      73       4
   49      33       7
    3      47       9
   87      51       7
   66      91      10
   82       3       9
   62      73       7
   16       4       3
   21      91      10
   65      80       8
   28      94       1
   97      69       7
   73      65       2
   64      19       9
   52      74       6
   45      67       5
   61      59       7
    5       4       6
   16      42       9
   85      56       6
   94      13       1
   34       5       6
   95       7       5
   73      74       3
   88      87       3
   34      65       4
   15      95       4
   71      89       9
   29      36       9
  100      18      10
   80      10       7
   26      60       1
   55      81       1
   58      40       2
   16      31       9
    1      58       7
   97      51       1
    8      82       8
   59      16       7
   41      37       3
    1      38       9
   65      13       1
   65     100       5
   55      26       1
   51      15       9
   17      10      10
   20      52       3
   29      10       2
   96       7       1
   96      87      10
   99      41       5
   48      22       2
   88      92       4
   10      33       2
   43      48       9
   78      62       9
   41      20       7
   20      41       3
    8       6       9
   33      63       3
   17       8       9
   54      50       2
   54       5       3
   85      54       9
   22      75       5
   93      94       9
   30      43       5
   50      35       1
   73      67       8
   99      43       1
   75      57       3
   36      11       6
   44      19       5
   21      18       4
   49      35       9
   22      72       1
   95      71       9
    5      21       5
    5       3       8
   36      42       6
   13      64       1
   85      34       4
   65      19       3
    1      93       4
   74      91      10
   23      96       7
   30      83       8
   22      20      10
   16      60       1
   21      79       5
   27      10      10
   93      51       2
   91      46       8
   19      18       3
   28      12       7
    4      64       3
   78      65       4
   74      59       9
   68      40       3
   46      51       9
   16      67       6
   84      38       7
   31      48       7
   10      35       2
   22      16       4
   38      13      10
   43      90       2
   51      27       1
   45      33       5
   73      72       1
   95      40       5
   89      45       7
   50      86       2
   96      20       8
   68      35       5
   47      84       6
   16      58       5
   13      94       3
   56      67      10
   76      16       2
   35      47       8
   59      53       4
   61      10       5
   42      67       7
   11      90       2
   70      74      10
   84      39       9
   51      82       7
   27      21       6
   94      52       8
   50      89       5
   86      67       2
   99      87       3
    9      19       6
    2      20       4
   35      68       1
   98     100       4
   18      30       8
   51      54       9
   46      70       6
   53      40      10
   87      24       8
   67      34       3
   38      84       2
   40      21       2
   57       2      10
   68      85       9
   40       2       9
   58      14       8
    8      29       3
   70      45       2
   45      94       7
   40      81       1
   28      89       6
