    7       2      10
    5      10       9
    9       6       3
    1       9       9
    9       1       5
    6       6      10
    7       1      10
    2       9       5
    6       8      10
    9       3       6
    2      10       9
    7       7       3
    6       7       4
    7      10       6
    4       7       5
    9       7      10
    5       1       2
    8       7       5
    4       2       5
    7       6       5
    8       5      10
    7       9       8
    1      10       2
    4       4       6
    7       5       4
    8       4       2
    8       4       9
    3       3       4
    9       7       9
   10       3       8
