   95     192       8
  168      29       6
   55      49       9
    2     191       2
  200      20       4
  190     199       6
  139      57       2
  200      62      10
   13     141      10
  128     159       2
  106     193       7
  177     192       5
  143      89      10
  173     143       4
  136     161       7
   27      81       9
  178     147       8
   51      41       5
   47     165       7
  155     196       7
  109      92       5
   76      35       9
   77      11       7
  150     110      10
   30     123      10
   31      44       1
   66      94       5
  175      81       2
   85      73       9
  170      62       8
  153     153       5
   49      19       6
   40      71       2
   23     157       6
  199     191       4
  183     112       3
  144     155       6
   12      22       6
   59      65       5
   17      38       4
   58       8       9
  190     156       2
  134      41       6
   58       8       3
    1     149       6
  128      95       7
   91      38       5
   95     149       2
  162     120       7
   15      54       4
   64     120      10
   97     178       9
   80     171       8
   89      16       2
   13     142      10
  126      29      10
    1     142      10
  126     190      10
   69     117       3
  172      20       6
  169     135       9
  191      35       5
   83      11       2
   55     166       1
  166     111       2
  102     142       9
  191     196       4
   69     112       9
   44       6       2
   54     159       3
  146     133       3
    7     100      10
   58      98       8
   60      72       1
  134     158       9
   33     101       2
   13     178       8
   93      63       5
  178      20       1
    5     118       7
   20      17       1
   49      66      10
    4     191       3
   13      19       8
  195     153       7
    7      26       9
  176      96       5
  183     200       6
  124     124       1
   65      67       5
   96      79       7
  149       1       2
   35      42       9
   75     163       1
  101      19       9
  124      34       3
  138      16       6
  200     145       4
  102      27       7
  116      56       4
   61      45       4
  109      24       9
   46      68       7
  161     152       2
   30      74       2
  154     117       9
  107      18       3
  137     144       1
   28      98      10
    5     149      10
  109      20       2
   14      75       6
   23     175       8
  168      75      10
  131      34       5
  117      40      10
  103     182      10
  117     129       5
   20      58       3
   80      93       3
    7     117       3
  136     173       9
   93      35      10
   16     199       1
  100       4       3
   37      78      10
  143      81       9
  127     190      10
   35      49       9
  156     134       6
   60     137       6
   36     184       2
   58     152       4
  129      59       6
   89      30       5
   39      35       7
  133      66       6
  168     137       7
  141      93       9
  191     120      10
   61       3       6
   96     147      10
   75      29       7
  177      68       9
   28      90       3
   70      18      10
    6     178       5
   51      40       4
   12      12       3
  172     109       8
  107     131       6
  145     148       3
    1     193       6
  107     106      10
   59      10      10
   72     176       9
  180     171       3
  159      68       5
   49     115       3
   72      99      10
  153     171       1
   17     118       1
  185     128       7
   94     191       9
  164      86       5
  162      94       8
  170      36      10
  106      53       8
   16     192       8
  173     126       4
  117     189       8
  133      62       5
  128      39       4
  189      71       3
  174     199       7
   23     114       3
    2      49       4
   89     144       8
  107      86       6
  103      36       1
   33     178       1
   85      78       1
  140     107       7
   11     102       8
   10      88       7
   57      12      10
  186      99       2
  130     137       3
  154     176       1
   79     109       2
  171      67       6
   72     160       7
   70       7       7
  112     111       8
   21      95       1
   73     118       7
    2      57       1
  151      19       1
  161     116       9
  193     173       9
   38     101       1
  122      11      10
  137     156       9
   90      89       7
  111     124      10
  174     195       5
  174     162       5
   78     197       5
   66     142      10
   10      35      10
   76      94       7
  183     196       5
  111      87       8
  126      68       5
  159     163       2
   77     154       1
  187      97       8
   12      74      10
  122      30       9
  128     109       3
   70     163      10
   30      73       4
  165      96       3
    5       6       5
   80      66       9
   81     139       2
  168     111       2
   77     189       1
  133     111       9
   34     113       7
   77     161       2
    4     100       6
  176      73       9
  112      96       9
  131      10       2
  174     130       2
  120     123      10
   97      86       2
  185       7       9
  144      28      10
   20      47       2
  129      21       6
   71     107       2
  190     167       6
  117     132      10
   63      39       4
   84     130       8
  183       9       4
  132      46       2
  170      83       2
   75     139       8
   89      97       5
   73      84       4
   43     184       6
   63      50       1
  194     133      10
   55     199       4
  108      96       3
   50     111       3
  163      75       4
  149       9      10
    9     111       4
   72     144       8
  179      97       7
   22      11       6
  149      60       2
   50     133       6
  186     169       5
   35     147       7
   71      95       5
  128      77       6
  125      87       6
   47       5       6
  117     100       8
  118     196       3
  105      14       1
   28     177       7
  130     104       9
    3      24       6
    2      99       2
   61      21      10
  147     137       6
  141     131       8
  189      24      10
   75     107       4
  176     195       5
  137      98       9
  156      36       2
  156     141       6
  120      56       8
   51       7       3
   74      64       8
  105     159       8
   37     175       3
   73      91       7
  127     101       8
   15     149      10
  153     121       8
  133     151       7
   45     165       8
   65     118       5
   32     104       7
   59     165       1
  123      56       5
  180      88       6
  128     114       4
   24      73       1
   33      48       8
   83     134       3
  181      37       2
   84     149       9
   13      23       7
  172     103       6
   33      43       4
   41      45       7
  189     192       2
   51       7      10
  147     176       3
  132     159      10
   85      43       7
  190      27       9
  159     194       4
   43     175       1
  106     197       7
   58     144       3
    6      56       7
   48      49       6
  127     176      10
  180     117       7
   54       6       4
  150     120       1
   56     167       3
  122      34       7
  148      16       9
  178     117       7
   84     141       5
   34     192       2
   88      46      10
  124      19       6
   63     198       9
   19     194       8
  137     199       8
   95     130       8
  128      46       7
  116      67       2
   67     113       1
   53      58       6
   72      57       6
  146      73       9
   37     128       8
  134      10       1
    4     115      10
   78     186       5
  175     198       1
  122      32       6
   76      58       1
  127      62       6
   99     162       3
  174      51       9
   28     153       2
  156      36       3
  162     147       7
  156     102       3
    9     134       5
   13      40       2
  147      55       7
   94     103       9
  120      22       8
  106      77       8
  174     152       6
   44      81       7
  139     175       3
   76     158      10
  110      79       2
   52     174       9
  100      31       9
   19      19       3
  160      67       8
  146      16       7
    6      52       6
  200      42       3
   22     108       6
  105      41       2
   82      12      10
   60      74       7
   65      59      10
  177     129       8
   87      14       9
    1     183       5
   30     125       3
   65     183       1
  180     128       8
   64      58       8
   63     184       5
  199     163       2
   18      11       4
  178     160       2
  116     141       4
  117      75       6
   77     172       7
  108      30       5
  170     160       3
  167     115       7
  187     172       2
   21      75       2
   12     187       2
  107     178       9
   80      75       9
  129     189       6
   73      66       5
  113     169       3
   80      97       8
   52     119      10
   70      58       3
   11     102       2
   13     125       8
   87      11       5
    5     179       6
  150     186       4
   59     186       2
  199     196       9
  101     169       1
  146     120       9
   42      62       8
    7      63      10
  155     134       6
  183     102       8
   83      21       8
   59      26       7
   40     114       4
  105      39       3
  109     135       4
  135     132       6
  172     141       8
  165      42       9
  193     165       2
  190      30       8
   11     125       9
   20     124       4
   60      73       7
    8     170       7
   78      44       1
  136      37       4
  101      23       3
  142      99       3
  181      52       7
   94     193       2
   39     111       8
   64     140       8
  146     165       1
  179     196       4
  105      37       4
  106      61       6
   17       6       6
   81      83       6
    3     187      10
  138      58      10
   14      83       7
    4     160       2
   50     141       4
  125      86       6
  199     175       1
  184     157       2
  103     182       7
  131      31       7
   91      73       2
  102     156       8
  156     145       6
  153     130       8
  106      52       4
  160     182       3
   65      18       6
  197      18       7
   87     178       3
   57      74       1
  165      15       5
  143     148       5
  146      81       4
  168      64       7
   32     193       7
  174      39       4
  186      97       5
   86     118       8
   15     152       1
  137      90       5
  138     140       1
  143      90       1
   25     158       3
   24      45       6
  162     128       1
   14       8       6
  161      27       6
   51      59       4
   33      10       1
   92     141       4
   84     185       4
  121      95       5
  145      43       3
   66      52       4
  101      17       9
  139      22       6
   91     184       1
  101       8       4
  126       6       1
   59     117       2
  163     148       1
  106      74       7
  153     136       4
  191      12      10
   22      65       8
   59     125      10
  198      60       9
  186      74       6
   35     199       7
   25     184       3
  176      26       1
   77      98       6
   56      68       9
   74      68       8
  171      72       8
   50      22       2
  165      37       1
  189     158       5
   39     118       6
  171      50       9
   78     100       7
    4     157       3
  147      17       4
   49      91       2
  132     108       5
  169      95       4
   67       4       9
  151     129       6
   52     160       7
   60     176      10
  107     124       2
   63      10       2
   44     115       6
  141     133       2
   64      67       8
  189      49       5
   89      11       1
   61     200       8
  187      32      10
  116      78       6
   78     199       8
   66     195       8
  153     108       6
  142      86       9
  154     140      10
  163     105       8
  177      17       3
   48      14       4
    1     123       1
   65     122       5
   29     134       5
   53     139       8
   61     149       7
  103     191       3
  156     182       4
  170     149       4
  197      66       5
  179      87       6
  150      11       6
   18     156       6
  174      78       7
  126      48       2
  112     133       9
  172     171       1
   80       5       2
  136      81       7
  186     135      10
  106      60       6
   59     153      10
  112     135       8
   15      28       3
  195      43       2
  115      34       1
   75      86       2
   36      94       1
   43      62       6
   49     134       2
    3     106       2
  148     152       2
   65     140       2
  124     168       7
   98      53       5
   26     149       8
   34     182       3
  175      54       3
   15      50       9
  111      48       8
  125     123       3
  124      94       6
   25      35       3
  198     125       6
   39     119       8
   32     161       5
  130      40       3
   14      88       6
   56     198       7
   64      60       4
  133      88       4
  127     189       9
  141      93       7
  172     114       4
   91     196       4
   64     168      10
   71      88       9
   90      14       2
   75      97      10
   64     159       1
   61      82      10
   13      48       5
  161      62       3
  123     197       7
  134      50       6
  103     198       5
  105     102       2
  182     112       3
  114      51      10
  140     197       4
  139     159      10
  149     182       2
  169     166       3
   48     104       7
  121      11       1
   12     147       1
  140      42       4
   68     153       9
    7      86      10
   20      78       1
   35     156      10
    4      54       9
  123      25      10
   48      53       7
   63     139       8
   91     174      10
  150     102       1
   24      38       9
   74      63      10
   90     124       8
   42     141       6
  133     200       8
   75      42       1
  118     140       1
   76     117       2
   78     177       1
  134     118       6
  113      11       5
  156      93       8
    1     194       4
  124      57       3
    4     156       3
  179      29       5
   45     120       2
   39     190       2
  147     185       4
  108      96       3
   47     196       4
   17     165       4
   48      22       4
   39     140       3
   11     158       1
  150      69       1
  115      77       1
   58     101       9
   92      70      10
  167     135       9
   82      37       6
  113     158       6
   23      83       8
   49     110       9
  181     189       6
   48     192       4
  124      56       6
   30      22      10
   60     192       8
  134     103       8
   29      44       9
   58      18       5
  148      81       9
  148     187       5
    4     177       9
   97     193      10
  175     129      10
   47      92       5
  176     127       8
   23      35       7
  139     199       3
  187     169       4
  175      74       2
   32     103       1
  165      96       7
  177      10       5
   65      81       1
  185     152       2
   63     119       5
  178      59       2
  164       1       3
   55     130       4
  199      31       4
  116     123      10
   19      90       6
  191     134       1
   41     175       2
   53     173       3
   36      88       8
  133     173       2
  167     142       8
   22      69       6
   57     117       4
  186     180       3
  174      87      10
  170     111       6
  102      61      10
  128      99       7
  124     174      10
  199     132       4
   52      35       7
   56      36       8
  129     148       4
   44     182       3
  125      26       5
  174      50       3
  147     159       5
   45      22       1
  136     199       7
   43      55       6
   86     150      10
   51     179       8
   79     117       2
   20     114       7
  195      45       1
   63     141       2
   46     105       4
   41     135       4
  159     188       5
  105      97       3
  125     135       6
  129      64       1
  158      84       7
    4      23       5
   50     149       1
  109     133       3
   72     117       3
  196      97       9
  160      95       1
   82      87       8
  117     138       1
  195     190       3
   27     107       8
  154      90       2
  125     110       9
  193      56       1
  176      54       7
    6      12       8
   42      20       6
  146      26      10
   80      63       5
  141     152       4
  137       9       8
  165     181       6
   45      75       3
  192     127       8
   13      85       8
  138      76       7
  103       8       4
  194      73      10
   70      42       9
  148     190       9
  128      54       8
   58       7       6
   82     108       7
   16      83       6
   30     155       1
    3     196       9
   98      98       7
  132      50       7
   89     111      10
   86      53      10
  112      93      10
   35      89       1
  117       7       9
   87     158      10
  150     135       2
  137      14       8
  128      38       9
  181       6       6
  130     141       4
  186      21       9
  151      57       7
   78      44       4
  144     112       9
  200      18       1
   54     114       5
   67      51       5
   31     152       7
   62      81       4
   63     112       2
   24     171       5
  152      59       8
   14      43       8
  108     149       9
  159      58       6
   51     189       7
    2     131       1
   23      88       9
   93     123       6
  188     200       8
   33      41       3
  129      20       8
  101     132       5
  166     135       6
   96     174       2
  112      65       4
  100      21       2
  142      13       7
    3      16       5
   70     105       5
  158     127       3
  154     179       3
  180     160       7
   79      30       4
  103     131       6
   18     179       8
   60     145       7
   19     155       8
   68     180       5
   15      71       5
  129      59       5
  133     161       6
   19      79       5
  195     198       5
  159      16       2
  177      75       9
   73      49       6
  169      95      10
   82      94       1
   92     195       4
   19      24       1
  190     198       1
   50     110       4
  200     151       2
   87     110      10
   94      15       5
  160     107       8
    6       7       2
   28      66       4
   43     178       4
  177     127       9
  105     104       1
  191      81       3
  147      15       7
   17      81       9
  128     198       7
   15       5       8
  177      10       4
   10      59       9
  171     101       4
   92      20       6
   30      56       5
   76      66       1
   89      66       3
   20      43      10
  200     130       4
  128      78       5
  200     200       3
  103      27       9
    4      18       3
   80     189       2
  101     157       1
   68     172       4
   95     108       6
   57     138       1
  111      15       5
   35     145       8
   42      47       6
   84      75       4
  127      25       9
  148     132       9
   46      69       1
   66     146       3
  161      27       2
  200     154       2
  109     151       6
  159     115       4
   96      72       5
  159      17       8
   19       5       4
   96     118       3
   62     106       4
  194     185       4
   68     181       6
   16     183       4
  179      35       3
   83     136      10
   15      97       5
  127      28       4
   64      78       7
  186      49       5
  115       6      10
  164      86       2
  187      54       4
   81     103       6
    8     122      10
  117     172       9
  157     173       9
  138      46       7
   48      94       8
  165      11       9
  105      80       5
  159      58      10
  119     198       9
   70      41       8
  183      49       6
  106     107       5
   32     117       6
  143     171       9
   57     101       7
  167     120       7
  121      76       5
  199      60       2
  165     135       9
   31     171       3
   49     140       2
  195     169       1
   20      78      10
  143     126       1
   32      82       8
  181     171       7
    9      74       5
  193      51       5
  159      67       9
    6     107       8
   21     165       1
   41     145       3
    9     105      10
   86     196       3
  154     200       9
  115      61       5
   82      85       2
   41     109       9
   78      28       3
  171     109       3
  110      53       5
   45     188       9
  138     130       3
   29      84       4
   68     128       1
  145      51       2
  114      61      10
   46     155       6
   35     143       5
  152      53       4
   71      38       6
  195      20       7
  189      87       1
  143     144       8
  131     168       3
  121      76      10
   51      45       4
  179     113       5
   92     175       8
  157     113       9
   88     129       7
   23     196       9
   12      67       8
   53      89       3
   26     127       8
  108     130       8
  135     121       7
  191      53       4
  102      66       4
   90     144       6
  149      60       2
  112      45       7
   42     162      10
    7      28       9
   42      79      10
   16     101       9
  200     127       5
   85     138       8
  180      31       1
   93     128       7
  161      63       4
    9     135      10
  156     151       1
   37     115       1
  127     100      10
  122      77       4
  136      12       3
   16      44       5
   87     114       8
  127     168       9
  160      43       2
   45      59       1
  182      48       3
  133      48       7
   70      71       2
   69     121       3
  195     133       7
  119     135       4
  123       8       1
   53      63      10
  100     142       4
  198      44       9
  127      64       4
   24      90       6
   21     125       4
  124      40       7
  103     184       8
  188     158       6
   37     116       4
  188      72       8
  166      19       1
   83     103       3
   43      34       1
   20     148       7
   21      17       6
   14     151       2
   72      13       8
  174     191       8
  196      48       8
  181     116       5
  134     129       7
   27      47      10
   77     126       4
   58      24       1
  113       1      10
   33     111       4
   77     186       6
  120      87       7
   67      12       1
   47      34       8
  190      52      10
   22      76       2
   30     145       5
  127     161       4
  155     129      10
   64      92       6
   93      86       7
   92      41       2
  178      52       9
   56      94       1
   51     150       2
   84      78       1
   88       2       3
   73     178       6
  168      65       5
  192     108       7
  113      37       3
   77     169       8
  120     185      10
   10      94       4
   70     180       4
   48     173       9
   94     170       5
  134      71       3
   27     121      10
   28     194       9
   16      58      10
   92     153       5
  185      19       6
  190     164       9
   36     122       7
  140      28       3
   32     157       6
   81     154      10
    2     164       6
  108      32       6
   49     143       3
   42     162       7
   51      93      10
   31      14       6
  146      36       1
    5     198       4
   74     109       3
   15       3       2
   67      20       3
   70      39       8
  137      37       2
  116     125       9
   72     155       8
  179      89       4
  167      32       4
  117      51       1
  126     177       4
   32      23       7
  184     157       8
   63      23       5
   51      76       2
   50      23       3
  157      44       7
   20     199       6
  112     179       8
  176      55       3
  140      64       4
  143     147      10
  162      76       5
  151     138       6
  194       5       5
  149     177       6
   25      90      10
   46     173       9
  167     138       2
  117     183       4
   72       7      10
  114     134       5
    2      33       4
   27     175       4
  189     112       3
   99      39       9
   94      68       7
   50     121       1
  154      34       2
  103     175       4
   69     194       9
  193     109       5
  101     143       8
  197     137       3
   27      51       3
  120     127       3
  172     150       7
   21     184       3
  158     176       5
    3     152       2
   84     170       6
   62      90       3
  196      15       4
  118      97       4
  147     113       7
   48     115       6
  140     142       7
   66     138       9
    4      89       5
   84      61      10
   88     118       7
  183      36       7
  139     150       8
  128      14      10
  123     114       2
   42     115       2
   48     151       2
   64      90       7
   63      56       7
  169     183       2
  104     114       7
   98      66      10
   73     199       5
    5      36       1
   98      77       4
   24      13       2
   65      50       5
  200     112       6
  167     119       5
    4     124       3
  108      60       4
   64      44       6
   61      31       7
  175     131       8
   99     190       6
  154     118      10
  108      20       7
  187     183      10
  137      29       9
  147      45       8
    9     156       3
  139     122       2
  112      71       6
  187       6       2
   51       1       8
  127      22       6
   20       8       4
  187      94       4
  140      40       4
   84      32       5
   44     135       4
   41     136       4
   17      60       7
  115      51       8
   93      39       9
  161      24       9
  125     180       2
   41     177       3
  112     131       2
   55     105       4
   34     145       2
  160     173       2
   86     130       2
   66     187       5
   73      99       5
   60     164       9
   91      76       1
  132      16       5
   84      27       4
   17     116       6
  112      20       5
   56     145       9
  169     108      10
   51      12       4
    5     142      10
   10      20       4
  200     143       9
   86      93       9
    6      91       2
  198     168       1
   96      52       9
   64      33       5
  148      51       7
   58     107      10
  110     176       8
   67      27       6
  135     122      10
   45     178       6
   63      83       3
  159      86       8
   97      79       9
   29     106       2
   23      34      10
   80       1       2
   70      73       3
   19     150       2
  186      77      10
   45     171       6
  154     139       9
  122      73      10
   67      89       2
   17      35       6
  187     153       8
  161     143       9
  178     161       2
   37     114       8
   56      52       4
   93     182       4
  163      40       9
   14       5      10
  153     195       8
   50      81       8
  116     187       6
  187     156       6
  168      19       9
   68     128       5
   86      21       3
   66      72       6
  168     152       8
   81     129       7
  159      19       2
  171      20       8
   92     180       7
   58      51       8
  174      10       8
  125      58       8
  130     168       7
   34      20       2
   71     133       3
   73      65      10
  153     114       1
   86      73       5
  105      68       1
  100     140      10
   40      94       9
  142     189       8
   70     194       2
   33      14       9
   89     159       4
  163      61       7
    3      77      10
   22      12       8
  165     112       5
   97      98       2
   40      12       9
  189      27       5
  104      63      10
  111      31       4
    1      36       3
  127     170       6
  119      90       6
  101     190       7
   29      84       7
   53      91       1
   49     132      10
   30      13       4
    5     146       9
  119      38       5
  131     185       6
   31      38       8
   33      69       9
  168     149       3
  128      49      10
    6      30       9
   63      13       3
  113      38      10
  152     130       8
  183      61       7
  181      87       4
   54     182      10
   47      65      10
  139      64       1
  136     150       9
   47     114       3
  169      58       4
   26     171       4
  141      63       1
  120     132       4
   36      14      10
   51      89       6
   63     140       4
   59     123       9
   14     150       8
   10     128       7
  129     141       8
   28     138       9
  160     142       7
  129     167       3
  198      97       7
   85     181       4
  169      51       9
  106     195      10
   15      83       4
  107      25       7
   31     159       8
   60     138       8
   60      51       3
   97     155       9
   59     173       2
  108     119       6
  117     154       4
  101     123       1
   12     177       1
  135     135       9
   67     138       4
   32      25       7
  159     106       1
   69      66       9
  130      38       4
  146     183       1
  124     146       4
    8     141       9
  169       6       8
    5      41       7
  139     141       9
  118     199       9
   84     150       7
   72     162       8
  168      17       9
   27      58       4
  113     168       8
  112     105       6
  196     118       7
   59     107       1
  129       7       2
  178     187       6
   94       6       5
   47      53       8
  136      30       6
  132     153       7
  161     127       1
   86     178       2
  120     169       3
   53      68       4
  182     110       2
  150     154       3
   51     170       5
  146     168       9
   85     182       7
   66      41       4
   87     134      10
   11     126       4
  103     106       5
   63     132       6
  134     154       3
  110      46       2
   39      96       8
  146      75      10
   53      72       1
  106      92      10
   90      79      10
  189     100       7
  100     111       2
   55      72       1
  164      26       9
   66       6       8
  191     106      10
   20     124       6
  124     189       6
   23      69       4
  148     112       9
   89     145      10
  185     184      10
  155      70       6
   70      44       1
  143      43       8
   30     122       6
  143     106       5
   32     190       3
   29     142       2
  196     112       5
  161     175       8
  165      18      10
  116      96       7
   55      78       2
   46     172       7
   94     151       4
   13     104       6
   26     133       5
   23      85       8
  101      67       9
    2     182       9
  158      87       3
  133      47       4
  161      61       2
   67     156       8
  184     175       7
  111      45       6
  154      44      10
  122     124       8
   42     149      10
    4      52       3
  175     103       9
  113      19       6
  157      64       2
   28     115       9
   13     188       6
   82     102      10
  108     108       7
  132     143       4
  171     157      10
   48     196       2
  132     134       9
   43      60      10
   83      15       4
    5     124       3
  138     159      10
   54      79       9
  170     150       9
  155     160       7
  100      70       5
  147      76       4
   26     158       4
   47     120       2
   44      41       4
  172      51       8
   87       3       3
   67      75       8
  161      21       5
   51      63       2
  105     116       6
   51     163       8
   80     132       6
  157     137       7
   49      99       5
  139     111       5
  123      39       3
  194      90       6
  103      40       3
   31      94      10
   80       4      10
   20     119       7
   50      79       2
  107     186      10
  132     122       6
   38      49       2
  129      24      10
    5     139      10
   57     115       1
  104     141       4
  169     150      10
    8      37       5
   61      73       7
  128     112       2
  134     106       7
   10      84       9
   68     181       6
   75      38       5
   87     136       3
    8     126       5
  199      12       2
  116      53       7
   68      83       2
   64      48       7
  182      27      10
  116      61       7
  187       5       4
  144     165       5
  132     109       2
  115      18       1
  195      10       8
  102     163       5
  154      90       9
    7     196       8
   40     149       2
   39      48       2
   62     131       7
  147     141       5
   31       3       3
   61      29       5
   59     155       1
   66      44       1
  187     167       6
  179     105       8
   68      72       3
  180      50       1
   97      30       9
   42      16       1
   61     123       6
   32       2       8
   88     109       6
  105     116      10
   90     116       1
   11      61       2
  140     104       9
  193      53       5
  100      98       2
   65     199       5
   28     180       1
   95       4       4
   24     162       1
  161     147       1
  146     167       8
   86     149       9
   17     150       1
   13      69       5
  194      39       3
   12      30       2
  112     144       8
  179     129       6
   54     112       6
  164      10      10
  106      63       1
  142     182       9
  105      99       4
   68     106       5
   74      50       8
  161     193       8
   57     187       9
  112     117       7
  200     155       6
   29       7       8
  138     154      10
  143     135       3
  162     198       3
   81      17       1
  152     172      10
  189     136       5
    1     114       4
  146     127       6
  196     129       7
   65     197       7
  198      14       9
  107     142       3
   51     185       5
  160     116      10
  166     176       9
  183     171       5
   90     172       7
   58     155       8
  139     171       4
  148      83       8
   93     145      10
   91      25       2
    4      96       8
   19      51       8
   90     160       4
  149       1       7
   31     183       1
  166      69       1
  128      97       8
   68     187       9
   37     173       5
  137      51       2
  173     150       8
    2     109       4
   30       8       4
   12     177       5
  137      46       7
  116      26       5
   62      17       9
  128     125       6
   68     140       2
   54     192       2
   88      34       5
  104      57       8
    6     200       3
  179     159       8
  113     168       1
   19     100      10
  119      85       2
    7      96       2
  159     139      10
   80      69       2
  189     123       5
   97     116       5
   66     148       4
    8      81       1
   30      46       6
  187     190       8
  115     103       6
   66     190       5
  126      15       3
   77      50       9
    4     113       4
  156       8       3
   82      57       6
   97     151       5
  144     155       2
  166      75       4
  165     183       2
  191     106       1
  107     160       3
   99     178       2
   75      84       6
  165      77       4
  116     116       2
   42     199       5
  147     180       1
  152     135       9
   10     199      10
  114      66       1
   98      65      10
  158     101       8
  116      72       2
   69     135       3
   77     104       5
   23      49       5
  124      61       4
   15      10       8
   29     134       4
  185     121       3
  166      34       7
    7      21      10
    1     189       2
   83      26       7
   45      88       5
    5     118       2
  104     124       6
  141     181       7
  110      40       7
  141     137       9
   78      71       1
   46     162       6
  168     200      10
   11       5       5
   33     146      10
   30      92       5
   35      14       8
   88     157       1
   11      27       5
  166     197       7
   56      51       2
   52     109      10
  161      81      10
   37     162      10
   81     114       6
  189      79       6
  133     176       8
  156     153       9
   82       9       5
   31     173       6
  152     152       4
  141     185      10
   15      56       7
  140      50       7
   43     109       9
  119     130       3
   15     112      10
  198     187       4
  136     143       3
   45      31       4
   65      53       5
  147      43       8
  187     165       9
   57     168       9
  125     104       5
  169      30       5
   46      29       2
   50     180       8
   61     134       7
  146      45       5
   37     144       3
  126      86       8
  197      45       8
   42     139       3
   62      53      10
  140     183       9
   24      33       7
  183     159       1
   69     163       2
   33      84       7
  124      50       9
  176     147       1
  110      43       8
   55     120       1
  192     105       1
   57      11       2
  180      52       3
   97     140       4
  180     146       9
   38      97       5
   24      89       9
  186      76       5
   41      44       8
  199      55       3
   37     153       4
   54      62       2
   34     175       4
   35      78      10
    3     182      10
  121     102       8
    2      78       9
   96      94       6
  170     161       6
  183     181       7
   87     110       1
  146       6       8
    9      44      10
  197     115       3
   71     125       6
  170      14       1
  102      48      10
  110     129       4
  113      39       7
   58      43       2
  136      31       8
   56     172      10
  119      13       2
  126      34       4
   34     173       6
  176     126       8
   50      23       4
   53      31       2
   34     187       9
   43     174       3
   29     148       4
  184     191      10
  147      20       2
   16      42       6
   94      31       6
  163     180       1
  183     173       3
   42     130       3
  193      68       8
   58      57       3
  120     143       5
   10      81      10
  191     180       9
   54      94       1
  128       6       7
   29     151       3
   79       6       4
  176     173       2
   15     151       8
   18      34       9
  123     111      10
  141     173       8
  149     158       8
  144     102       1
  149     196       5
  187      94       4
  143     182       6
  101     121       1
   82     181       7
  123     174       2
   22      13      10
   89     123       6
  118     196       9
  168      90       4
  133      54       4
  133      36       7
  122      55       2
   63     200      10
  147      81       9
  174     112       2
    4     186       2
  160      37       2
   41      89       1
   55      17       6
  157     169       1
  180     121       1
  133       5       7
   30     163      10
  167      85       3
  136     147       4
   96      57       4
   78     173       6
   72      76       6
   49      89      10
  189      13       8
  110      13       1
  193     166       6
  120      55       3
  170     127       4
   64      52       8
   76     134       4
  160     148       6
   26      85       9
   68      68      10
  157     110       9
   86      73       7
  188     103       7
  149     102       5
    6     111      10
  105      75       2
  109     106       3
  181      72       9
   25      71       6
  171      26       4
  117     127       8
   85      14       6
   73     123       4
  126     113       1
  160      86       3
  192     103       8
   49      24       7
  122      40       8
  170     150       8
  121     115       2
   56      13       4
   62      80       1
   16     135       6
   18     123       2
   61     188       7
  182      38       6
  156     121       6
   71       9       5
  111     104       5
   28     179       7
    8      46       2
   83      65       3
   56      97       1
   50      19       7
  102     149       9
  121      87       6
   50     166       9
   48      76       8
  175     162       7
   22     186       6
  145      19       3
   97     168       4
  170     187      10
  149      24       2
   74       4       6
  187     198       3
   23      12       5
  171     131       5
  163      48       6
  118      68       3
  164      45       5
  164      60       8
   53     146       6
   52      33       5
    7     178      10
   62     191       9
  119     188       5
   67     146       1
  140      76       2
  149     142       4
   44      85       4
  184     131       8
   80      14       3
  143      81       5
  119     125       6
  180      56       4
  174      11       8
   57      70       4
  133      30       6
  139     179       9
   65     174       9
  121     165       6
  147      14       8
  123     160       1
   26     195       9
   46      31       2
  105      43       4
  178      38       8
  100     196       9
   86      55       8
  183      70       9
   76       8       5
  142     191       1
   71      32       1
   46       3       5
  180      45       9
  129      78       2
  199      88       1
   32     111       7
  112      36       9
   66     135       1
  200     164       9
   12     180       6
  106      99       4
    8     126       8
  183     198       6
  148     122       5
  132     168       5
   65     167       9
   44     124       7
   49      87       6
   20     161       2
  121      57      10
  175      74       3
  177     200       9
  137     121       4
  149      79       7
   89      42       1
  190     144       9
   13      99       8
  183      65       6
   25      58      10
   35     192       2
   28      51      10
  105      67       6
  121     150       6
   66      88       4
  196      42       9
  134     188       7
   88      31      10
  160     134       9
   94      82       4
   14     106       8
   49     147       1
  157     197       2
   99      19      10
  178     101       2
   76     102       4
   37     200       8
  107      60       2
   81      97       6
  187     185       7
  100     127       7
  122       5       6
   73     200       4
  104      17       3
  105     145       4
  172     187       8
    1      64       1
  142     194      10
   33     154       9
   19      52       5
  182     161       6
   77       5       7
   47     176       3
  142      78       9
  156     186       1
   42     199       1
   58     145       3
   77      26       4
  159      76      10
   87      84       8
   55      15       4
  131      86       4
  169     167       9
   63      59      10
    7      88       9
  124     195       7
   29     140       6
  189      66      10
   76     167       7
   79      51       1
  125     115       7
    5     149       6
  135      47       9
  133      95       2
  169     150       7
   99     178       8
  101      41       6
   98      47       4
  152     173       5
  180      56       7
  114     195       5
  124     170       2
  131      76       2
   58     168      10
    5     140       6
  131     152       2
  135      27       9
  115     156       3
  174      94       1
  192     133       6
  163     157       2
  116     118       1
  165      44       5
  113      64      10
   50     155       6
  131     132       6
  164     109       9
   99       4       3
  122      58       5
   91      66       8
   47      87       7
  161      54       4
  173      98       6
    3      71       1
  114     119       9
  197     151       7
    7     129       6
   17      20       4
   59     136      10
   93     180       7
   41      32       5
   99      18       7
   57      26       3
   72      60       6
  149      19       4
   55      35       3
   92      94       6
  145     129       4
  187     135       4
  132      90       2
   14     192       4
  195       1       4
   58      32       9
   32     151       9
   33     196       2
  174     182       7
  113     145       7
   52      21       2
   75      92       9
    2      21       9
   32      88       3
  149      30      10
  199      80       3
    9     195       8
  170      89       4
  165      40       6
  141      55       6
   50     166       1
   13       9       5
    9      49       4
   35      70       9
   12     146       5
   77      94       1
   76     104       8
  165     151       6
  167     138       1
  109      14      10
  149      69       4
   83      69       7
   73     177       8
   54     118      10
   36      36       4
  121      37       3
  104       8       7
  173     148       1
  155      13       9
  196     175       6
   20      66       8
  119     143      10
  179      47       8
  131     109       3
   63     126      10
  127      45       9
  164     125       6
    3      59       6
  152     156       9
  195      29       2
   90       1       7
   31     144       1
   20     131       1
   91      15       8
  132     151       8
  183     172       9
  110      98       5
   67      49      10
  167     196       4
   87     179       3
   73     116      10
   34     164       3
  155     112       7
   51      57       3
   20     193       1
  123     151       4
   84     121       8
   17      38       5
   22      98       7
   26       2       1
    4     177       5
   22      36       3
  130      91      10
  163     117      10
  143      90      10
  173      72       7
  108      72       7
   24      58       9
   32     168       6
  165     190      10
  124       9       8
  200      97       6
  194      64      10
  113     176       8
   91      79       8
  103      19       2
  170      55       5
  149      96       4
  125       3       7
  195      17       1
  147     140       7
   15     124       6
  142     115       9
   68     158       9
   58      50      10
   60     169      10
  120     184      10
  111      42       4
   52     200       1
   36      76       3
   44      85       9
  124      73       9
  132     195       5
  103     165       6
  191     154       3
   45     172       2
  193     158       6
  145      69       9
  184     178       9
  161       7       1
  152     183       8
   11      66       7
   71     104       7
   74     195       2
  111      29       7
   59      88       3
  136       8       5
  163     172       7
   74     169       9
  175     187       4
   64     117       3
   45     118       8
   41      42       5
   21      43       6
  183      22       4
  179      99       8
   33     116       9
    5      47       3
   23     118       4
  108      65       4
   59      26      10
  187      69       5
   92     155       3
  120      90       9
  122      99      10
   63       1       6
  165      70       1
  166      44       6
  129      91       8
  110      92      10
  162     132       2
  196      19       6
   53      42      10
  134       8       3
  176      19       3
   40      99       2
  118      66       2
   53     153       2
  121      24       9
   70     179       6
   60      12       9
  163      14       9
    7      16       2
  170     166       5
  184      68       4
  152     136       3
  162      30       2
   48     108       7
   97      86       4
  144      50       1
  184      12       2
  137      57       9
  113     143       2
   94      83       9
  109     131      10
  192     197       8
  191      96       8
  117      40       7
  155       7       1
  165     132      10
  126     184       3
    6      78      10
  172      30       5
    9      39       2
   30     193      10
   22     118       4
   62      50       7
   90     178       7
  114     197       3
   23     122       5
  167      31       1
   81      23       7
  146      50       9
   10     135       1
  178      29       5
  193     116       8
   33      83       2
  138     140       8
  104      33       6
   82     185       6
   26      47       2
   91      98       7
  194     136      10
   30     157       5
  135     159       9
   92      84       8
   63      70       2
  171     153       6
  187     108       1
   11     170       4
  137      22       3
   50      37       1
   17     198       2
   47      33       5
  165     169       8
  127      58       5
   44     164       5
  155      30       4
  163     107      10
   57      40       7
  176     112       3
    8     114       4
  123     140       2
  130      73       4
  145      57       9
  107     168      10
  105       3       2
   43     150       1
  124     142       4
   49     165       6
   58     161       3
  137     113       5
  163       1       5
  159     136       9
  159     117       9
   84      35       6
   93      42       9
  159      50       1
   10      67      10
   74     199       2
  125      29       5
  151     103      10
  159     121       4
  102     158       5
  177      21       1
  130     175       4
   21      12       4
  102     117       9
   22      58       5
  108     199       1
  118     160       1
    4     116       6
   99     193       2
  162     163       2
  123      63       7
   84     177       4
  172     186       3
   80     184       8
   92      75       2
   46     181       5
    8     199       2
   70     101       5
   62     118      10
  190     124       1
   53     122      10
  188     130       3
   22      96       5
   66      59       5
  106      87       7
   53     164       1
  102      18       9
   67     126       8
  149     172       5
  106     144       1
   45      35       3
  200     192       4
  167      37       5
  159     158      10
    4      96       9
   38     175       3
  189      92      10
  155     104       3
   39      96       7
  171     111       1
   25      48       8
   11     172       6
   65      48       2
  116     102       7
  105      37       8
   39     150       1
   51     132       5
  172      24       5
   53     132       3
  161     138      10
   46      38       1
   72      36       8
  135      67       2
  114     169       8
   31     139       4
   17     198       4
  175      87       7
  175      18       8
   11     123       6
  144       7       6
  108      57       1
    3     147       9
  195     177       5
  128     171       5
  162     190       2
   86      48       3
   74      28       4
  192     137       6
  169     162       8
  158     147       8
  182     124       1
   94      24       9
  146      55       6
  132      85       9
  163     183       4
   28     160      10
   24     154       6
  129      20       7
  198     182       3
  157     159       3
   45     118       6
  162      46       6
   97     163      10
   31     110       9
   18      36       9
   33      37       1
   10      61       7
    7      84       9
  115     162       7
    5      76       5
   33      23       8
  145      65       1
  178      83       9
    4      33       4
  146     181       3
  174      22      10
  187     184       6
    7     147       2
   80      48      10
  107      59       6
  153     108       5
   78     191       3
  171      67       1
   86      24       8
   72     109       6
   77      54       5
  195      21       9
  139      16       7
  138      56       2
  190     105      10
   93     185       3
  103     132       9
   45      93       5
   24      63       1
  190       4       4
  140      61       8
  173     109       9
  168     175       8
  159     103       1
  182      52       9
   95     160       9
  102      10       3
   56     189       5
  133      37       3
   70      60      10
  123      43       4
  176     102       3
  131      41      10
   50     154       9
   25     169       4
   60      36       2
   79      76       5
  198     178       1
  139      84       1
   78     141       4
   90       7       8
   56      41       6
  141      71       3
  128      90       1
  121     182       8
  191     144       9
   54      77       4
  137     190       5
  124      85       8
   40      89      10
   44       7       2
   95      74       7
   54      15       7
   41     141       7
   40     141      10
  182      16       2
  126      31       3
   26     121       7
   36     100       2
  193     198       6
  156      43       3
  193     178       6
    9      39       4
    6     180      10
  190      21       5
