    3      27       1
   22      14       5
   13      29      10
   21      36       6
   19      11       3
   32       2       7
   37      18      10
   28      31       4
   10      37       2
   22      15       5
    3      18      10
   22      10       8
   29       4       3
   25      33       6
   37      10       6
   13       6      10
   10      12       1
   19       6       4
    9       5       9
   32       6      10
   30       4       6
   31      13      10
   10      25       8
   17      21       2
    6      34       9
   25      18       5
   17      23       9
   35      38       7
   16      37       6
   40       2      10
   20       2       9
   23      12       8
   27      24       2
   35      18       7
    3      19       6
   40      27       9
   36      29       6
    1      13       8
   33      36      10
    4      39       9
   27       6       4
    5      22       7
   24      27       2
   14      29       7
   29      27       4
   40       2       2
   16      17       6
   33      39       5
    3       8       2
   16      10       6
   26       3       5
    7      28       9
    4      39       5
   33      16       5
    8      15       6
   10      23       3
   23      22       6
   19       9       9
    7      10       8
   17      30      10
   20      16       2
    4      34       3
   16       1       8
   31      30       2
   28      17       7
   14      29      10
   36      30       6
   40      22       6
   21      22       6
   27      21       3
   15      29       9
   21      26       4
   35      27       2
   39      17       4
    6      31      10
   17      17       8
   12      40      10
   14      31      10
   28       6       7
   28       9       6
   34      37       6
   31      25       4
   25       9       9
   15      25       6
   23      13       1
   17      12       4
   20      33       5
   40      23       6
   20      33      10
   36      15      10
   19      36       2
   15      28       2
   27      29       9
   34      17       8
   17      17       6
   10      37       4
   30       8       7
   39       6       4
   32      13       7
   38      20       8
   15      39       9
   22      11       2
   15      14       9
   14      30       9
    2      26       9
   37      16       3
    6      29       6
   32      14       9
   40      11       7
   35      22       5
   15      32       4
   12       3       9
   14      19       9
   24      26       3
   23       7       4
    8       5      10
   22      23       9
   29       9       8
   38      14       4
   18      22       1
    4      26       7
    5       5       1
   20      12       2
   37      31       7
   36      20       5
   27      23       4
   21      19       4
   23       9       2
   18      19       3
   38      37       5
   15      25      10
    8      21      10
    2       8       6
    1      30       6
   33       5       1
   39       6      10
    1      20       3
   23       3       3
   14      37       7
    2      37       7
   20      20       5
   22      17       4
   11      31       7
   20      22       4
   16      18       6
    3       5       5
    5       6       4
   34       2       6
   10      21       9
   30      15      10
   39      30       8
   24      12       7
   16      11       8
   38      35       6
   10      27       9
    9       8       5
   40      37       9
   31      28      10
    6       6       1
    6       9       8
   32      19       1
   34      10       8
   17      17       4
    9      34       8
   13       1       9
    6      37      10
   38      12       7
   17       8       6
   24       1       5
   37      19       3
   24      40       6
   31       6       8
   30      18       3
   33      39       1
    6      36       9
    9      33       3
   15      17       9
   15      26       8
   25      29       2
   30      30       7
   34      15       7
    4       7      10
   13      34       6
   19      40      10
   24      26       3
   14      25       5
   37      16       9
   21      15       5
   22      15       6
   30      24       7
   19      18       8
   23       5       2
   23      16      10
   20       5       8
   30      21      10
    6       3       2
   25       9       8
   19       2       6
   12      19       1
    3      20       7
   14       9       3
   30      22       9
   34      29       8
   31      17       6
   39       6       6
   18       7       9
    2       6       5
   37      13       3
   20      17       3
   13       1       5
   37      36       3
    3      25       6
    7       4       1
   30      39       2
   33       9       3
    2      11       6
   19      40       1
   15       8      10
   21      27       1
   24       3       4
   15      11       8
    8      27       1
   11      40       1
    3      15       3
   39      25      10
   29       6      10
   22       5       5
    9      23       7
   13      34       7
   17      12       5
   36      24       2
   37      11       5
    4      11       4
    4       5       4
    6      28       8
   35      36      10
    6       1      10
   18       3      10
   30      13       3
   39       1       8
   39      18       1
   21      10       1
   32      20       8
    2       4       2
    1       5       1
   14      24       7
   20       4       8
   37      12       6
   17      13       9
   23      38       8
   27       4       6
    3      36       6
   18       9       4
   20      14       7
   24      39       1
    9      36      10
   18       8       9
   27      21       3
   33       2       3
   25      39       5
   26       2      10
   16      11       6
   15      13       5
   39      21       7
   25      25       4
   29       9       5
   27      14       2
   10      18       2
   36      32       4
   25       2       7
   25      33       6
   31      38       2
    7      28       1
   15       6       3
   17      12       6
   34      39       8
   39      10       5
   10      19       2
    4      33       5
   13      36       2
    3       9       3
   15      21       7
   29      20       5
   29       4       7
    9      17       6
   19      31       4
   33       7       7
   10      23       5
   21      35       7
   38       2       5
   31      27       7
   31      26       8
   16      26       9
    8       7       1
    4      18       9
   34      17       2
   22      25       9
   34       8       2
   16      10       8
   21      33       6
   32      38      10
   22       4       3
   21      27      10
    6      36       8
   20      31       5
   27      27       7
   18       4      10
   35      17       5
   18       3       1
   11      14       3
    3      18       3
   33      11       9
   33      28       3
   23      27       9
   36      34       7
   30      32       4
    9      27       2
   29      32       2
    6      25       4
   21       6       2
   35      27      10
   32       6      10
   25      25      10
   25      17       3
   30       2       2
    8      16      10
    2      29       5
   37      32       4
   19      12       4
   19      12       4
    7      24       5
   19       1       5
   11       2      10
   27      25      10
    9      10      10
    2      26       2
   40      26       4
    8      18      10
    2      20       5
   37      11       9
   25      40       7
    9      11       3
    8      14       9
   17      32       7
   35       5       4
   15      18       5
    8      22       1
   39      27       9
    4      30       8
    2      31       2
   23      20       3
   10       9       1
   18       8       5
   15      23       1
    5      10       9
   17      28      10
   12       9       4
    9       6       4
   19      24       9
   33       1       5
   23      34       9
   31      35       5
   31      16       9
   20      11       5
   36      27      10
   22      33       7
   29       7       4
   38      17       1
   40       7       2
   16      20       9
   17      13       9
   17       4       8
   37      33      10
   20      40       9
    3      22       6
   22      20       4
   31      13       2
   22       8       1
   10      17       2
   22      11       4
    2      35       4
   34      22       8
   36      16       6
   25       1       1
    2       1       8
   29      15       5
    5      40       7
   39      26       9
   19      17       7
   28      25       6
   30      35       8
    4      37       5
   19      10       1
   24      15       1
    8      19       9
   40      23       3
   28      26       8
   16      20       3
   25      17       1
   15      40       1
