1000 8961
159 702 5
264 726 5
47 628 5
942 55 7
911 677 4
856 753 6
851 151 9
211 631 6
168 689 1
779 593 10
902 566 4
953 250 7
586 369 3
981 121 7
833 487 7
678 313 4
324 379 8
255 327 2
225 235 8
741 701 4
315 748 10
52 639 9
144 577 4
150 315 4
475 410 4
194 750 8
819 524 2
128 113 1
747 289 3
85 2 7
957 855 1
988 457 9
430 644 6
968 553 2
989 471 2
765 277 9
895 22 6
996 504 2
827 153 9
911 348 1
860 248 10
85 213 10
593 140 5
349 877 8
464 389 4
427 463 6
256 961 6
750 538 5
986 964 1
166 836 7
200 58 4
154 767 2
577 829 3
29 275 3
429 121 6
552 691 4
37 759 10
487 732 1
870 442 10
67 654 8
462 449 3
947 182 5
48 738 5
526 92 9
528 750 5
380 143 5
35 593 9
549 729 8
825 477 5
296 129 3
955 981 8
870 854 1
610 585 8
43 547 5
866 88 5
927 3 10
805 62 6
607 573 6
156 972 3
608 77 9
447 485 6
590 577 4
652 598 4
475 970 3
470 378 4
114 463 1
334 152 6
683 644 2
148 818 9
292 752 5
660 498 4
746 67 7
725 73 5
75 997 8
668 827 4
606 245 10
37 405 8
815 585 9
462 754 3
78 188 8
645 37 10
243 956 2
353 227 10
849 981 4
188 738 8
474 994 1
879 244 4
131 485 7
385 588 4
750 896 4
436 115 3
954 927 8
400 326 7
980 13 1
569 935 2
1 481 1
796 873 5
858 374 6
613 108 9
216 620 4
624 329 2
740 700 4
435 94 7
143 820 9
85 234 3
642 960 2
68 805 8
333 264 1
470 415 7
761 397 8
832 560 4
133 419 6
898 699 8
146 631 5
240 725 3
961 523 6
945 683 4
536 522 7
863 240 5
369 105 5
898 476 8
702 37 3
658 10 9
13 314 7
819 914 2
345 776 7
692 844 8
121 116 9
298 545 8
913 418 2
727 125 3
905 236 6
547 200 1
727 136 2
407 40 2
198 695 7
866 579 4
473 138 2
992 370 5
585 183 1
363 151 9
369 255 3
914 307 6
341 88 8
111 956 4
336 484 3
187 938 5
657 963 5
89 190 9
933 112 3
462 423 4
87 258 4
249 804 8
891 858 6
313 67 8
919 172 8
960 782 8
578 366 3
100 907 9
424 842 1
812 584 2
165 846 9
952 677 5
440 707 2
317 548 4
604 901 2
558 162 8
81 828 3
273 248 6
650 57 4
73 877 6
447 827 9
397 996 5
866 209 10
358 715 5
768 165 8
916 943 5
166 387 1
394 940 2
139 862 3
284 354 3
449 819 3
419 713 7
29 632 1
350 741 2
646 521 8
992 231 5
517 657 2
272 113 3
673 586 5
141 876 10
571 462 5
724 376 2
298 86 4
299 39 1
239 310 3
651 172 2
248 579 3
784 2 6
434 58 3
16 207 10
904 291 8
364 668 6
795 322 8
42 528 6
581 578 9
842 933 8
508 678 7
372 138 9
398 747 9
314 416 7
163 708 1
711 54 4
811 804 4
10 750 3
278 112 7
502 404 6
40 490 7
844 180 6
386 119 4
987 371 3
375 17 7
5 178 4
150 657 1
547 383 4
452 514 9
808 102 5
750 669 10
996 594 3
315 818 2
678 889 5
537 541 1
837 110 1
893 943 9
641 264 2
533 508 7
775 978 10
124 533 5
760 725 5
377 620 6
946 883 3
682 114 4
548 367 9
755 619 5
402 950 6
457 933 9
611 664 2
548 648 7
835 956 10
967 686 4
877 742 10
481 570 6
545 541 8
176 185 7
821 405 3
220 569 3
564 239 4
193 380 9
569 219 10
379 424 8
19 609 6
714 530 7
372 524 1
767 906 7
400 516 10
444 888 8
491 399 1
55 221 4
756 858 9
844 664 4
438 24 6
78 868 9
20 633 8
567 731 7
241 112 5
507 544 6
324 393 4
863 604 4
972 379 1
431 840 7
433 213 3
629 521 3
438 648 5
181 960 9
780 400 5
463 421 5
688 806 4
693 615 4
453 664 7
76 155 1
721 245 8
618 781 4
693 975 9
270 981 9
853 508 9
614 308 1
809 223 10
311 501 9
298 905 5
634 693 2
651 982 6
367 186 5
453 294 9
290 311 4
738 19 5
814 103 1
538 74 8
992 178 2
932 168 5
637 680 3
946 158 8
584 794 9
130 913 3
442 510 9
705 722 7
173 25 9
820 971 6
796 419 9
784 718 6
11 765 6
238 145 5
140 97 10
584 910 6
76 627 7
90 908 9
605 896 1
191 752 9
646 387 9
15 673 5
37 822 1
799 528 3
677 6 10
282 655 3
260 204 9
348 902 1
982 229 9
860 849 4
45 469 4
165 590 10
156 67 10
915 81 1
724 985 5
591 561 9
415 844 8
228 199 1
846 58 3
742 699 10
50 655 10
953 144 10
679 694 4
827 377 9
879 506 6
520 197 10
62 923 1
497 396 3
210 808 5
520 357 4
964 769 8
113 639 7
284 249 8
958 468 4
81 762 6
889 15 9
403 510 5
891 172 6
171 513 6
33 597 6
153 499 2
69 805 7
740 748 9
775 833 9
586 198 2
242 159 2
234 749 5
779 951 7
881 158 3
770 919 2
963 531 6
931 208 1
163 990 10
720 875 3
349 362 3
551 276 3
719 283 7
306 648 8
948 214 3
456 598 10
213 403 3
688 99 7
483 134 4
941 256 9
118 438 2
129 254 7
656 551 10
342 655 1
460 129 3
877 437 6
939 390 6
540 321 7
235 825 6
558 128 10
463 83 2
457 341 1
951 373 10
952 963 7
939 482 9
981 539 8
551 984 7
468 508 2
138 924 6
769 894 3
593 677 4
935 484 5
617 621 7
735 214 8
879 580 1
377 217 1
153 927 6
593 290 2
722 909 7
955 674 3
797 256 5
578 893 10
174 906 1
936 732 3
853 56 5
403 871 3
61 962 3
400 924 10
171 630 9
583 231 3
496 787 4
137 117 10
956 43 4
409 839 6
714 720 5
255 276 7
507 351 2
308 960 8
246 276 7
917 513 8
690 259 8
419 695 4
316 93 8
981 928 7
482 679 3
683 335 1
23 213 7
173 104 3
709 886 8
382 72 5
522 870 10
579 523 8
225 143 6
385 831 2
579 188 1
786 494 7
887 653 9
576 455 5
280 639 10
357 219 2
891 160 7
921 88 3
641 753 5
988 493 3
661 134 8
135 47 4
509 909 1
493 98 4
497 494 1
288 274 8
422 127 6
396 371 6
730 444 1
868 687 1
688 663 6
104 728 2
914 14 8
895 871 2
622 782 1
769 666 2
428 87 9
325 550 7
918 205 10
287 402 1
311 996 7
807 797 2
326 397 5
663 743 2
580 354 5
748 489 9
860 741 9
67 348 9
917 500 3
321 478 2
674 465 3
508 300 1
894 334 10
116 318 4
110 27 1
731 580 4
3 394 1
5 509 2
615 305 5
221 748 2
177 393 4
529 338 7
842 863 10
628 789 6
15 648 8
676 921 9
68 523 8
870 97 4
3 5 3
510 168 2
776 705 9
636 586 4
120 914 2
455 472 10
626 96 8
293 383 2
352 858 4
982 558 8
573 501 4
212 91 6
654 674 5
830 498 10
905 207 10
232 479 6
591 178 10
211 639 9
411 355 5
105 156 7
484 91 1
363 864 6
941 993 1
635 476 1
617 184 1
328 709 5
778 354 4
750 49 9
79 236 2
998 698 2
442 100 3
428 547 2
529 445 10
219 790 2
879 907 7
608 702 3
674 784 4
596 239 7
237 798 8
221 855 4
641 299 6
262 863 9
765 165 2
722 100 4
541 16 7
460 901 2
610 241 3
14 953 9
809 189 7
609 154 4
688 883 2
544 792 6
234 738 6
776 758 9
538 177 2
25 152 7
934 785 2
162 258 4
228 334 10
245 683 10
831 404 6
303 111 7
248 409 2
559 817 1
329 419 3
112 526 4
429 72 1
380 761 2
201 500 6
163 530 9
788 493 9
435 144 7
415 543 10
431 852 6
581 41 5
538 11 3
197 697 10
722 614 4
243 319 1
507 355 6
48 913 3
465 242 1
627 924 1
121 870 8
350 657 4
575 916 10
259 309 1
829 966 9
178 614 7
449 333 3
361 353 2
420 868 6
725 611 6
848 433 3
457 184 9
589 405 1
133 666 2
991 852 4
491 74 8
127 361 2
562 660 9
144 657 1
613 516 1
937 247 2
934 402 7
785 91 7
269 352 9
62 741 6
870 708 7
268 624 7
866 764 8
344 407 6
471 177 1
350 795 6
508 398 6
411 903 6
490 184 2
367 785 4
185 245 10
989 716 8
379 262 2
795 822 1
474 354 9
43 262 1
39 776 7
848 17 1
301 360 4
406 1 4
805 42 10
593 534 8
188 761 3
848 951 2
6 272 5
169 755 6
974 227 1
601 707 4
936 181 2
67 269 1
349 194 9
102 572 1
351 721 3
489 355 3
512 631 5
492 159 4
566 400 8
986 996 9
594 384 2
536 273 1
797 231 2
881 421 5
459 81 10
306 228 10
515 673 7
779 750 6
78 51 4
426 463 10
614 555 5
408 430 7
379 651 3
522 475 3
385 60 4
925 172 4
390 749 2
550 387 4
342 81 9
64 408 7
663 298 9
761 396 7
332 231 2
222 673 8
324 127 7
474 887 1
994 145 2
433 753 4
45 591 10
78 915 10
157 187 10
364 93 3
598 195 10
462 5 3
975 911 10
963 938 1
594 528 3
579 348 5
433 912 1
246 901 10
670 778 9
193 713 10
315 341 2
751 457 1
356 615 6
681 565 4
785 887 5
963 967 1
649 742 10
627 630 1
400 102 10
933 649 1
610 176 8
610 907 2
441 328 7
696 424 8
682 799 8
841 13 5
638 891 3
500 207 2
464 93 5
391 769 2
244 964 9
213 240 8
447 535 8
934 300 5
984 607 2
816 125 1
165 76 10
234 950 4
157 930 9
14 962 4
425 104 1
511 123 5
260 797 5
453 98 2
495 125 5
19 725 5
325 740 4
188 183 4
270 675 5
941 350 1
270 783 2
71 798 8
340 622 4
108 854 1
457 832 6
443 474 8
825 625 10
645 384 6
451 839 7
675 559 2
297 129 1
951 538 3
467 274 10
532 115 2
750 36 1
8 228 10
576 904 7
757 689 3
349 523 8
693 161 2
47 31 1
402 686 8
40 989 10
93 748 3
827 555 8
210 800 8
661 61 10
135 205 3
733 722 1
47 683 10
469 182 4
204 557 3
598 149 5
358 782 10
144 12 8
71 414 5
979 224 1
151 606 8
902 878 8
868 143 10
321 373 3
365 633 1
441 3 8
670 902 8
642 550 4
753 998 10
634 26 5
284 807 10
223 425 5
996 620 7
386 214 5
237 669 4
942 872 6
467 888 10
355 320 6
963 982 9
718 752 6
71 227 2
781 151 9
790 276 6
145 593 3
797 700 3
213 285 5
442 202 4
522 887 4
26 50 3
979 426 7
547 19 9
15 872 6
242 972 5
516 598 10
342 2 6
929 614 4
563 701 5
624 331 3
155 725 9
457 342 7
117 2 4
140 761 4
674 156 8
725 994 10
324 822 8
883 573 1
842 649 6
20 227 6
0 521 3
193 915 1
225 928 10
591 259 10
739 28 8
848 130 3
904 466 2
801 697 5
356 225 1
919 937 8
222 108 4
433 493 7
732 265 4
104 560 8
207 358 4
213 494 7
646 21 5
713 145 4
909 385 9
745 953 6
147 482 10
173 40 7
175 968 9
241 788 7
294 71 2
292 424 2
169 34 7
907 707 6
421 184 6
745 31 8
716 71 3
632 299 4
65 296 9
362 820 5
758 562 5
197 684 9
502 763 4
758 351 6
629 95 7
886 731 8
454 923 6
682 553 1
655 509 8
50 896 1
410 772 2
605 422 6
724 677 6
861 164 8
27 569 4
757 415 8
488 588 7
498 982 4
815 912 2
945 603 2
963 541 5
496 912 3
999 284 9
561 128 1
2 147 1
79 397 3
87 274 6
11 406 6
691 926 2
539 565 6
158 598 2
584 940 8
988 732 1
776 140 6
537 743 9
166 175 7
740 739 2
454 278 9
250 217 4
119 711 8
166 276 6
351 294 1
191 898 7
402 27 7
394 946 3
423 609 8
551 959 1
897 159 10
542 547 8
940 798 4
455 680 10
467 268 9
141 454 9
367 624 1
909 481 4
636 913 3
789 70 5
346 631 2
475 179 4
18 216 6
294 230 7
371 931 9
352 339 5
96 643 10
185 998 2
823 705 2
371 729 1
97 271 9
479 534 4
971 810 5
177 668 6
989 145 4
491 457 9
31 162 6
552 420 9
16 8 4
209 691 5
468 141 9
588 208 10
829 827 5
616 374 9
80 768 9
769 618 6
28 899 9
261 201 6
871 654 2
210 640 7
188 979 10
386 19 1
69 713 1
857 132 2
701 366 4
982 255 6
169 652 8
382 30 10
821 993 1
630 488 10
628 502 4
420 929 2
942 626 9
244 336 3
307 384 5
170 900 10
573 824 8
910 204 4
650 401 1
559 330 2
799 237 1
857 234 10
506 193 10
545 860 5
160 329 1
30 53 9
484 461 5
583 309 6
52 368 1
877 536 3
198 154 9
53 799 8
802 757 1
497 618 6
934 452 7
391 348 1
829 768 10
139 65 4
149 336 6
25 784 6
125 213 4
451 811 4
270 616 5
917 302 1
622 303 10
900 561 6
208 175 9
901 136 2
599 572 10
246 845 1
720 189 9
931 603 5
470 434 8
417 381 8
922 84 6
799 290 1
554 738 6
648 976 7
746 715 5
609 554 5
26 626 10
627 2 4
950 858 3
862 598 5
45 305 4
601 667 3
583 391 5
359 796 1
1 182 8
845 981 10
632 16 2
791 8 9
360 457 7
552 141 9
317 337 7
285 952 9
192 605 2
935 649 6
592 479 6
11 664 2
706 981 1
172 116 3
545 973 3
741 359 5
510 862 8
202 966 1
741 719 7
229 10 4
821 517 9
949 944 1
408 108 6
909 832 8
271 635 8
617 935 2
830 624 1
798 742 7
238 909 7
982 578 4
88 588 8
418 143 6
108 881 10
344 3 10
394 15 5
327 803 6
380 135 6
130 760 9
996 272 7
5 453 10
836 65 1
21 249 10
411 374 1
55 731 9
369 625 7
989 866 4
412 8 7
302 99 2
149 380 5
697 424 5
451 61 4
982 596 8
887 627 9
648 183 10
669 608 7
706 737 6
413 158 8
253 428 8
988 70 2
76 714 10
39 371 6
867 587 5
112 732 6
327 366 5
191 801 3
354 876 3
274 28 3
232 786 5
859 182 8
179 798 3
780 311 2
949 759 4
926 484 9
981 751 10
253 501 6
595 156 3
868 554 10
488 867 6
527 495 7
655 735 4
328 577 1
817 83 6
280 365 8
28 642 5
825 525 6
960 561 8
316 517 4
975 57 6
741 132 1
832 951 8
312 632 5
125 826 4
651 34 9
798 873 5
946 109 6
136 365 8
715 499 7
157 568 7
968 68 4
412 260 4
145 169 1
849 817 5
302 419 9
848 244 1
683 608 4
873 350 1
357 132 8
154 365 5
95 927 4
937 243 1
232 251 10
819 703 5
880 978 10
184 851 3
937 74 8
717 942 1
858 149 8
439 820 8
452 870 2
193 503 8
453 418 2
467 353 2
74 198 10
477 796 6
439 846 7
876 207 9
849 210 4
557 292 2
334 304 2
493 595 10
322 554 9
72 367 5
420 259 9
70 66 1
955 329 1
502 289 7
539 629 8
440 321 2
870 856 5
896 84 3
68 609 9
8 654 1
530 575 3
360 980 3
243 241 10
911 902 3
625 201 6
610 189 5
461 879 1
881 961 1
763 542 8
649 160 9
725 621 2
764 611 6
9 646 7
598 47 10
483 227 6
906 333 1
884 819 6
311 821 1
870 776 3
90 828 6
231 280 2
140 321 6
373 492 9
330 728 9
186 672 5
111 452 9
152 676 7
73 880 7
49 905 10
515 18 8
444 495 2
372 532 3
133 522 10
461 518 4
712 408 3
559 675 4
465 154 3
442 921 3
833 740 5
718 543 3
32 283 10
89 716 4
301 198 9
563 358 1
214 366 1
74 988 2
102 440 6
658 210 9
412 496 8
45 718 7
93 132 3
410 972 9
808 500 2
87 212 9
250 642 10
470 972 8
812 625 7
498 319 3
817 533 1
133 612 8
62 367 1
717 277 2
440 681 4
54 598 10
816 926 6
771 293 7
686 334 2
959 139 2
793 735 5
959 545 7
198 723 1
198 343 10
340 158 2
487 883 4
261 724 3
745 825 1
464 447 1
263 436 10
640 949 8
411 479 5
392 344 7
337 937 10
338 171 2
655 330 8
380 631 7
235 71 5
789 223 7
681 181 8
712 141 6
953 193 10
470 798 5
714 165 8
596 329 7
284 615 9
526 303 8
428 716 6
956 697 7
794 841 7
279 764 7
447 398 7
160 206 9
983 645 9
340 396 8
226 584 9
367 311 4
676 630 8
165 359 5
156 613 10
520 441 5
838 77 10
465 490 6
405 763 3
617 780 5
689 525 8
421 581 8
760 503 7
724 481 10
910 33 5
284 19 4
812 653 3
599 17 4
690 473 1
224 729 3
650 18 4
483 737 9
544 726 8
968 698 1
296 501 1
528 988 5
498 650 10
938 329 9
559 851 1
335 993 9
651 980 6
531 991 7
289 939 2
392 430 6
951 715 4
677 383 8
151 850 3
357 756 8
551 313 2
433 72 6
697 903 8
711 68 6
535 17 9
494 402 10
398 458 8
832 857 5
521 412 10
753 12 2
293 969 3
553 832 4
318 49 6
293 165 8
45 484 2
308 533 5
139 876 6
748 241 7
738 250 3
805 103 2
314 73 7
287 477 9
640 498 4
533 982 3
875 880 5
835 245 7
300 295 5
224 979 7
74 923 4
101 501 4
279 799 2
168 31 2
929 878 10
960 134 3
462 955 8
897 944 2
1 975 8
885 27 10
512 764 2
911 193 1
788 159 10
770 228 3
910 91 5
949 241 4
677 832 1
606 834 10
737 10 8
871 54 7
252 808 3
180 740 5
256 10 5
962 586 4
300 644 2
126 848 8
697 941 10
187 454 3
646 920 7
341 933 2
449 525 4
342 501 3
659 63 7
686 232 9
134 252 10
593 836 3
814 918 6
255 389 8
764 654 9
232 296 5
375 750 2
562 271 3
14 516 3
849 383 10
206 866 2
937 123 3
871 499 5
763 907 3
767 758 1
195 817 7
768 573 5
419 564 5
378 601 1
599 43 1
476 742 2
936 60 5
974 997 8
359 363 7
778 609 3
713 616 1
270 476 2
623 32 7
122 716 5
987 621 3
324 197 6
246 216 2
43 674 5
719 897 3
356 520 7
476 51 9
20 953 1
835 715 6
875 182 4
669 767 1
552 947 9
56 484 3
353 301 4
109 191 9
198 120 3
572 111 3
748 555 5
733 81 9
986 516 9
881 254 1
558 281 9
829 967 1
373 157 6
31 927 3
17 482 8
66 365 8
668 233 7
670 142 1
593 404 2
354 252 6
55 101 9
302 971 2
306 183 1
78 214 9
303 289 1
386 871 3
252 108 4
648 74 8
996 555 7
963 178 10
411 671 2
454 266 4
47 353 3
617 248 10
347 336 1
702 434 10
37 99 2
784 141 4
475 439 8
834 714 6
669 248 2
473 781 2
680 743 9
718 599 2
44 648 5
150 665 1
805 245 6
967 319 8
653 443 1
674 862 1
240 664 2
391 579 4
566 968 7
192 263 2
80 131 3
351 873 3
480 920 5
580 109 5
278 818 2
748 610 10
119 77 10
631 437 1
825 641 10
341 176 7
618 397 9
303 587 4
621 19 4
852 515 4
188 491 9
870 365 6
733 418 7
220 389 5
139 9 5
786 426 7
104 523 3
442 460 3
168 591 5
29 299 9
641 988 7
655 272 9
992 167 10
718 769 6
915 393 7
684 733 7
633 980 2
465 753 3
509 947 5
103 425 1
344 528 9
338 661 8
985 354 5
542 617 7
394 886 3
760 788 4
883 236 9
395 721 3
193 272 8
632 108 7
151 575 9
255 443 4
801 641 4
903 926 9
2 524 2
17 665 7
915 174 7
932 699 10
341 101 9
129 877 6
617 809 3
702 933 3
991 369 2
432 928 5
674 166 2
314 319 10
402 829 8
675 400 2
815 322 6
224 240 4
384 789 5
320 527 2
703 832 1
311 197 1
471 900 10
592 257 8
719 263 3
333 839 5
745 697 2
854 14 8
597 73 6
572 581 4
224 794 9
631 888 10
846 573 7
554 818 8
922 581 1
763 990 3
790 647 4
704 272 2
377 293 10
235 146 7
544 111 10
102 678 1
781 139 1
939 807 9
965 31 1
885 128 5
261 157 7
594 542 6
329 857 7
941 374 8
962 379 2
89 114 5
331 457 10
433 623 10
446 976 7
712 194 8
341 7 3
167 509 10
573 750 10
295 54 8
997 425 1
308 236 9
674 717 6
956 565 9
483 222 3
560 39 1
61 670 7
401 629 9
523 701 9
878 979 3
810 627 1
704 531 9
59 448 7
696 496 7
332 1 5
993 86 10
96 956 4
608 275 7
595 434 2
931 87 1
206 666 8
618 577 7
891 156 3
673 82 1
510 555 10
320 233 7
95 814 8
512 826 6
142 264 5
150 380 7
239 193 8
225 319 8
472 698 8
411 953 7
230 151 7
454 813 2
257 438 3
914 125 7
514 501 4
914 672 5
909 114 9
481 967 8
272 569 8
556 829 9
313 121 5
660 757 10
48 60 1
804 498 3
106 698 10
589 122 5
197 465 8
902 45 9
156 818 10
283 120 4
210 376 5
720 181 5
37 787 4
218 214 5
855 827 7
838 431 3
273 878 2
723 132 3
612 904 2
154 812 7
679 55 1
124 52 5
245 296 1
625 481 10
44 639 8
674 75 5
560 646 7
963 496 9
6 135 4
613 121 9
467 531 7
851 173 7
852 370 7
477 694 3
738 609 3
328 979 4
452 563 2
203 326 2
695 614 9
690 273 4
758 376 7
874 527 5
779 827 9
247 152 6
400 975 5
159 456 7
861 68 10
808 950 3
641 440 5
933 36 8
216 242 9
391 328 6
226 786 4
581 440 4
282 455 2
211 347 3
457 809 3
229 673 8
938 457 7
639 708 3
289 424 8
440 770 8
770 426 1
343 81 2
39 835 9
654 588 1
798 270 8
644 623 1
702 735 7
477 95 7
987 437 3
265 774 8
222 845 6
167 657 3
332 155 2
581 419 1
136 876 10
37 925 6
977 926 2
267 749 8
621 581 7
884 686 8
258 919 6
744 586 10
392 69 10
326 715 3
715 284 8
549 978 4
793 966 10
323 94 1
920 676 1
485 140 8
396 294 6
968 536 1
523 764 3
88 672 3
506 419 9
761 311 6
139 929 6
928 950 5
591 470 7
763 44 8
424 111 2
371 261 4
180 127 5
756 582 1
693 432 7
714 998 7
726 265 5
53 643 2
373 280 5
64 171 8
494 479 6
608 928 1
585 536 4
62 442 2
674 542 2
982 583 5
337 176 1
629 391 4
20 900 7
468 537 2
650 706 3
942 761 10
114 752 4
591 613 7
791 795 2
958 979 5
111 876 2
756 455 9
315 829 4
397 847 9
840 719 8
956 500 7
846 243 7
408 358 2
329 903 10
231 398 2
630 315 9
372 275 2
329 383 9
719 811 10
8 746 8
630 241 10
835 156 5
528 868 1
223 740 8
160 281 6
247 702 8
719 459 4
573 794 6
262 353 5
865 716 10
799 228 6
752 296 2
24 835 9
745 736 3
171 671 3
663 735 1
482 786 10
379 428 2
64 405 5
53 327 4
2 498 7
384 364 9
961 897 2
653 17 5
433 672 2
501 701 5
809 689 10
551 651 5
21 160 2
90 862 10
323 502 1
634 444 2
821 966 2
53 110 1
302 169 2
299 603 7
358 623 10
272 813 1
15 863 9
30 2 9
909 81 9
193 294 8
150 646 2
650 784 4
413 225 2
274 340 2
189 488 4
18 70 3
307 324 8
905 684 1
37 567 2
417 441 5
431 456 9
608 211 10
834 378 8
733 817 9
13 260 4
591 289 9
169 600 6
968 105 8
396 469 10
600 261 10
465 963 7
259 463 2
310 35 6
156 987 2
976 214 10
885 781 10
481 284 10
125 994 3
127 954 7
411 937 7
620 703 4
932 362 9
47 62 6
248 161 4
365 395 7
900 589 9
132 246 1
759 26 9
897 506 6
110 28 5
722 606 6
183 2 4
109 105 5
343 229 3
335 655 6
302 228 2
212 625 8
791 587 2
921 761 5
337 692 1
202 547 6
668 606 5
593 81 3
148 162 5
656 119 5
751 443 8
295 485 8
925 819 1
551 446 2
158 70 2
910 238 7
98 866 1
609 191 10
411 6 9
787 539 10
798 107 8
272 971 10
338 771 2
48 331 3
909 763 8
485 620 2
25 747 7
231 499 2
963 660 6
840 152 9
65 409 10
839 24 9
431 450 7
599 133 1
523 84 1
877 106 1
318 311 7
394 618 10
123 102 2
307 108 9
743 912 2
699 413 3
3 148 1
634 360 7
825 834 10
990 954 4
206 745 2
631 899 9
48 599 2
626 333 4
449 383 1
442 255 6
789 134 7
917 62 3
836 679 4
814 672 2
884 699 8
616 468 1
385 3 2
889 402 3
596 970 5
268 933 3
980 721 4
661 393 2
901 655 9
900 397 5
724 305 3
368 689 3
253 489 2
405 277 2
497 882 8
528 567 3
403 672 9
483 758 2
879 249 7
762 640 8
968 444 7
813 454 8
842 339 9
628 113 10
210 944 7
235 83 3
59 508 4
457 31 5
764 885 2
294 222 4
330 272 4
204 328 5
995 587 7
560 738 8
573 474 4
824 210 4
858 36 9
853 398 9
800 490 4
262 883 9
193 682 4
984 23 5
621 732 1
120 904 2
697 180 8
706 634 3
143 70 8
238 586 5
68 549 7
481 768 9
185 25 4
702 431 1
995 29 3
365 594 3
548 866 5
384 269 6
887 435 5
711 624 2
546 619 7
41 996 7
492 498 2
205 533 2
764 45 7
792 740 9
571 610 2
849 854 6
131 992 5
135 101 9
120 802 3
833 427 3
70 318 9
883 862 8
132 395 6
403 509 6
231 164 8
319 497 5
19 352 9
921 136 10
419 970 6
477 629 7
441 677 9
379 251 2
730 500 1
726 12 4
361 117 1
228 807 8
611 145 3
547 574 3
166 519 6
991 116 6
548 538 5
596 6 3
486 403 4
698 450 2
161 439 2
944 668 8
732 409 9
634 367 5
572 990 1
230 82 6
829 642 5
65 772 5
820 309 1
579 148 8
605 666 3
173 141 7
744 681 9
348 969 4
107 437 4
218 945 4
478 623 5
637 215 8
291 969 3
330 735 4
960 514 5
842 495 10
667 699 1
227 163 9
879 29 2
886 221 1
504 494 8
401 439 6
579 211 10
329 52 1
474 961 8
60 765 9
801 861 10
847 551 9
893 239 6
533 84 3
278 19 7
485 834 10
810 861 4
180 289 3
644 533 9
62 538 5
869 446 1
701 697 2
994 788 7
399 499 7
761 722 9
380 324 10
265 108 1
231 241 8
449 416 5
878 309 8
196 100 1
563 290 1
264 929 6
801 607 7
384 344 6
520 850 9
188 734 10
197 802 9
789 166 7
345 422 6
863 460 5
501 214 3
988 759 3
570 814 3
839 62 9
88 839 4
42 287 7
781 565 5
174 226 8
124 315 4
620 568 10
165 283 3
476 697 1
860 512 1
220 108 9
865 789 1
531 496 5
664 177 7
443 937 4
122 891 3
884 324 5
798 83 9
935 337 9
368 706 5
489 653 7
400 27 9
790 417 6
225 548 4
339 89 5
333 131 9
972 817 2
91 237 6
46 651 5
163 173 6
587 13 6
307 328 2
953 220 4
4 23 10
529 283 10
966 850 1
410 667 5
615 752 8
390 726 8
303 77 9
881 761 4
450 410 9
533 617 6
641 143 5
652 671 1
711 353 7
771 895 9
63 724 8
628 771 1
492 426 3
79 193 4
777 818 1
54 880 10
782 184 5
946 777 5
130 156 2
909 789 3
456 915 2
95 238 6
679 753 9
630 912 8
412 544 1
601 182 10
148 603 1
681 748 1
113 454 9
926 329 7
61 270 1
454 450 5
81 53 8
548 600 5
301 223 10
663 7 8
223 643 1
127 698 10
570 391 7
630 802 4
195 268 3
925 588 2
776 150 3
822 267 8
870 293 2
975 832 3
726 546 9
788 476 6
258 990 4
177 425 5
681 842 5
373 667 4
766 548 10
261 522 6
672 81 2
809 326 3
376 7 8
885 911 9
703 105 10
679 454 8
740 64 6
983 244 1
48 820 2
521 895 6
612 103 10
557 981 7
319 746 2
923 711 2
985 403 2
692 190 8
718 960 5
920 885 9
522 315 2
700 244 9
25 933 9
349 252 8
794 76 10
721 788 7
186 282 5
802 481 10
159 362 6
505 860 4
40 802 9
53 153 9
233 524 7
958 927 3
443 695 3
944 775 7
879 258 2
709 804 7
267 702 7
253 69 10
64 266 10
264 665 4
43 565 10
704 985 8
929 163 5
872 563 8
120 540 2
45 650 3
619 1 10
975 418 3
207 73 2
316 138 7
280 793 7
964 436 5
670 368 5
257 591 3
909 102 8
975 23 8
561 650 7
752 645 10
105 933 8
831 644 9
201 299 5
160 167 5
151 61 2
625 952 8
432 914 8
910 174 3
578 194 8
211 524 1
784 220 10
356 545 3
383 795 5
329 264 2
701 841 1
971 254 3
999 26 3
392 140 4
720 123 4
311 48 6
869 587 6
48 551 9
401 970 2
21 200 6
182 123 6
608 782 10
730 746 7
446 356 7
666 777 1
500 368 1
877 594 3
577 709 7
229 946 2
980 975 7
821 523 8
50 407 8
391 414 10
806 897 3
945 172 5
687 678 1
415 560 4
29 722 4
565 626 4
96 811 2
11 546 1
822 288 8
65 112 1
46 451 7
666 253 10
430 328 8
855 81 5
351 275 7
328 52 6
810 575 10
304 427 5
89 535 2
705 946 4
494 513 4
807 975 10
277 100 6
529 817 8
26 621 4
962 55 1
77 972 2
426 381 10
723 84 1
558 831 4
170 698 8
350 961 4
254 662 9
66 519 5
680 78 8
231 8 8
379 119 1
686 312 8
779 291 9
877 542 2
495 97 1
348 142 7
86 238 2
296 593 8
698 763 7
350 485 5
89 456 6
357 522 8
228 298 4
697 503 9
620 767 1
237 529 10
425 279 4
762 789 10
681 561 1
732 512 5
452 985 4
640 468 8
599 738 3
734 782 3
444 891 5
49 954 1
549 887 4
104 608 7
608 455 5
601 377 3
51 731 3
390 251 7
577 332 7
455 627 3
952 98 1
999 725 9
720 766 1
418 103 7
159 851 3
305 597 10
37 884 7
323 788 9
747 178 2
26 89 3
363 311 5
564 524 6
702 367 6
67 479 3
489 505 3
793 491 5
116 8 7
715 829 4
2 499 9
13 840 1
230 525 3
586 429 2
919 739 2
207 547 8
476 117 3
989 899 7
987 685 7
421 312 5
322 780 10
41 818 2
128 897 4
2 156 8
935 448 1
186 559 7
713 341 9
723 93 5
329 331 9
301 924 3
559 155 9
232 239 6
397 378 4
884 248 1
640 717 9
200 764 1
519 79 4
138 548 9
677 767 1
605 603 10
655 569 5
883 597 7
337 429 5
9 55 4
301 585 3
61 518 2
336 756 10
343 349 4
75 516 2
888 456 3
248 766 1
36 265 10
921 524 5
439 358 6
149 433 9
296 213 2
213 411 6
904 175 1
721 383 3
917 149 10
317 444 5
671 887 1
763 412 6
752 343 1
757 863 8
466 851 10
447 134 3
511 615 6
514 777 6
278 880 4
150 828 10
420 625 9
463 364 3
288 173 10
342 290 1
538 320 2
552 963 4
846 658 2
204 516 6
414 429 10
940 433 4
558 32 9
40 354 7
760 35 9
887 562 6
215 338 9
185 91 5
939 850 1
896 178 4
944 707 7
483 421 4
33 50 7
664 709 9
918 937 10
229 140 9
698 946 6
740 559 7
930 906 8
687 186 2
606 888 9
612 118 2
179 510 9
515 654 10
634 243 4
556 677 7
552 52 10
602 191 2
672 582 4
361 722 4
81 672 3
203 555 4
130 791 8
664 762 5
998 373 7
142 332 5
88 673 10
915 643 6
296 6 9
790 483 5
944 166 8
484 891 10
927 843 4
88 527 9
46 744 8
846 488 9
908 170 10
406 976 9
229 713 3
130 96 5
336 842 8
385 111 5
61 385 5
199 738 10
869 559 6
734 521 8
565 439 6
316 804 9
764 450 3
7 772 10
827 771 7
410 775 7
406 616 1
956 857 7
873 291 3
525 912 6
584 830 6
370 596 10
635 499 6
99 696 5
281 75 9
572 287 7
495 394 10
32 647 8
701 413 9
929 894 2
349 985 4
952 301 9
80 63 9
230 102 4
511 526 7
725 65 9
739 475 6
549 279 3
850 26 9
699 22 5
131 316 4
645 85 10
102 624 8
170 642 1
995 815 9
219 82 9
907 390 3
731 177 1
599 90 10
16 430 7
829 599 6
845 123 1
211 756 1
156 449 9
41 802 10
889 561 1
674 334 1
835 137 10
256 580 1
28 605 2
260 946 2
478 424 6
660 957 5
421 811 4
706 643 10
101 120 8
354 385 5
63 659 9
876 84 5
730 161 2
511 236 3
121 337 7
886 77 9
249 258 3
309 19 3
739 919 1
230 986 5
214 575 2
840 144 1
938 273 1
193 6 7
559 307 8
660 277 7
143 2 6
991 359 10
939 605 1
970 140 5
156 61 7
277 354 9
810 760 5
228 894 2
233 62 9
345 362 4
983 126 4
885 882 10
349 203 4
427 940 2
42 957 3
972 176 2
952 597 4
162 647 5
562 941 6
602 942 5
359 732 6
117 450 8
242 280 2
427 274 2
153 426 4
972 733 5
282 812 2
578 704 5
305 551 3
863 587 7
761 542 8
136 5 3
212 453 1
181 311 2
9 879 4
342 44 1
53 5 4
487 782 3
891 836 8
49 160 1
910 610 8
919 45 5
771 416 10
254 186 10
185 108 7
411 604 3
310 333 9
455 605 3
398 504 4
766 530 3
451 907 4
173 808 2
664 702 4
105 354 9
248 112 8
798 84 9
275 92 5
102 286 9
21 65 4
633 550 8
223 250 7
343 602 2
190 448 10
200 349 2
347 517 3
93 979 9
196 800 4
869 79 7
155 880 6
539 809 5
700 908 6
72 784 7
59 440 7
387 306 7
180 583 9
25 333 1
728 839 7
729 289 10
321 687 10
601 32 3
683 300 1
72 30 3
118 987 5
830 235 5
401 264 3
802 486 4
586 272 5
943 569 3
473 141 10
788 38 5
577 711 10
237 594 10
669 826 6
341 897 8
667 927 6
276 530 1
182 893 5
109 998 6
287 247 9
390 159 9
30 940 9
718 938 2
986 296 5
648 577 8
376 851 10
160 625 5
476 753 8
666 459 9
214 500 5
651 253 1
12 703 3
55 504 4
143 443 7
363 54 2
207 126 3
828 346 4
151 158 7
969 2 3
255 202 5
852 628 7
877 540 1
404 300 8
950 253 2
506 417 3
446 566 8
407 18 8
531 546 2
535 428 9
121 739 4
436 514 5
125 819 4
806 761 9
323 455 1
424 517 10
654 112 8
382 876 3
956 614 6
672 648 1
609 80 1
271 713 6
369 749 8
572 822 3
535 916 1
800 700 7
795 384 6
762 314 5
655 889 1
784 91 8
769 922 3
805 636 10
69 38 10
19 209 2
202 810 7
735 490 2
285 982 9
486 372 8
470 75 9
740 961 9
423 831 9
861 978 9
565 438 8
176 564 10
861 571 2
340 55 10
448 482 1
924 653 10
579 230 3
772 794 2
415 156 5
524 394 6
287 289 9
472 561 6
227 627 7
51 906 9
354 158 6
408 610 4
990 7 5
202 688 5
390 365 1
997 628 5
31 178 2
198 0 4
824 325 9
550 141 2
738 254 7
417 879 6
848 669 1
409 30 3
408 905 10
388 136 4
615 829 4
29 780 3
387 534 7
339 701 5
840 248 10
743 392 3
965 925 1
16 218 5
675 540 6
763 618 2
26 269 6
531 785 10
558 485 6
316 946 7
651 271 8
986 577 5
61 966 3
335 479 9
973 550 6
117 969 5
812 200 7
548 764 5
450 102 5
180 404 5
138 591 9
525 744 4
518 514 8
772 709 6
736 475 6
36 405 8
925 849 3
327 741 1
19 636 10
480 803 7
371 267 4
315 187 6
127 329 3
423 574 7
804 999 4
965 804 6
493 50 4
801 469 6
741 904 3
823 379 6
566 347 1
668 493 2
875 666 9
895 163 3
656 67 5
611 926 9
675 254 4
785 51 5
649 781 10
404 60 7
369 181 3
175 258 5
498 557 5
761 937 3
718 852 4
734 859 7
70 295 3
174 265 5
52 779 6
460 770 7
955 4 9
228 543 8
588 340 7
969 392 5
808 334 8
909 382 10
954 234 4
659 563 4
993 886 2
72 531 10
495 175 7
374 378 3
175 523 5
815 577 7
192 266 4
67 785 10
547 469 1
166 165 1
933 519 7
727 80 10
885 689 6
653 219 7
197 984 4
838 688 6
568 991 8
114 705 4
729 997 8
784 849 8
992 761 6
288 291 4
350 575 3
621 934 8
919 806 4
955 631 7
486 850 3
781 626 4
765 216 6
312 514 8
242 932 7
218 136 1
774 762 9
32 123 2
673 656 1
937 389 1
809 861 5
629 719 10
500 911 1
645 49 9
782 140 2
503 708 1
646 905 1
78 230 10
528 782 6
968 2 7
174 855 7
218 848 6
420 83 9
102 631 10
695 836 2
714 606 4
672 10 10
425 683 7
282 197 3
800 505 1
511 265 2
917 763 10
803 822 1
6 307 3
901 966 9
400 186 2
857 246 3
154 185 1
78 813 8
103 861 2
106 316 1
40 660 6
148 786 6
102 726 10
527 219 8
239 124 4
282 97 3
559 668 5
84 899 8
984 695 9
842 651 5
908 777 2
907 450 9
59 217 8
462 611 8
287 900 10
673 723 1
324 468 1
69 913 4
753 16 5
841 684 10
222 547 7
740 494 7
800 469 3
184 741 9
214 25 2
375 776 6
294 525 4
58 103 4
674 935 6
552 992 4
215 962 5
379 355 1
58 847 3
896 617 4
115 551 5
832 812 4
615 435 4
909 11 10
541 525 7
39 455 4
435 698 10
419 392 1
153 199 10
837 737 7
33 227 9
814 6 6
196 759 1
703 400 4
30 642 6
398 846 9
864 923 5
155 86 7
502 843 10
556 187 5
798 643 3
496 258 9
747 246 7
373 879 6
465 412 10
931 977 4
915 867 10
21 137 6
264 474 6
987 829 3
145 478 3
782 19 4
899 897 7
808 468 9
6 428 2
400 370 10
161 286 10
216 915 1
664 710 9
340 70 2
504 604 6
699 227 4
972 870 6
236 517 3
397 825 8
40 308 1
255 280 7
901 386 6
631 947 6
647 529 7
418 507 1
248 699 5
607 709 8
584 180 10
566 609 8
870 706 2
505 639 7
164 186 9
941 715 5
411 211 9
416 276 8
411 793 7
299 25 3
324 550 10
38 686 9
446 433 1
804 577 5
900 855 9
563 95 2
71 88 9
287 309 8
403 20 5
112 778 10
598 977 6
171 162 1
592 278 1
659 474 7
157 815 1
504 638 5
73 916 10
117 81 4
110 686 4
208 138 9
281 963 10
889 996 8
979 778 9
639 394 2
866 961 1
663 517 1
278 827 2
744 9 7
291 523 4
577 849 8
115 696 8
529 832 8
763 812 5
773 515 10
803 35 2
329 144 7
423 961 10
700 930 3
507 942 2
160 942 1
41 779 6
17 254 10
469 891 8
855 143 6
690 547 1
485 521 6
973 449 10
825 613 1
970 252 2
970 300 4
399 309 6
42 129 1
525 805 6
582 360 2
191 717 6
478 289 2
849 316 4
770 270 4
89 540 5
244 300 8
709 275 5
618 505 5
474 683 3
387 883 8
436 909 9
159 970 1
303 916 2
61 883 10
931 72 5
491 292 6
109 372 7
987 1 1
639 689 8
844 251 1
849 113 10
872 109 2
979 468 2
884 543 9
857 969 8
578 811 9
904 482 3
959 29 6
203 925 5
14 358 7
726 400 3
125 256 3
948 893 10
210 86 5
635 948 10
10 339 1
84 277 2
56 395 4
513 18 1
684 619 4
385 824 4
809 571 1
397 679 3
676 315 2
665 27 6
175 336 7
486 157 5
592 360 10
980 972 4
15 518 7
603 760 10
872 199 9
569 171 4
838 148 10
545 768 4
134 483 5
393 761 2
435 945 6
211 199 7
203 676 10
809 143 3
380 802 9
570 44 2
623 276 5
428 826 3
205 289 1
760 768 10
223 916 5
512 70 3
189 896 9
496 192 9
886 935 8
887 583 6
203 462 8
496 164 2
389 333 9
978 95 5
80 841 7
98 839 5
396 836 7
905 724 2
502 165 2
135 807 5
733 978 9
830 832 2
457 373 7
117 295 9
949 118 5
916 671 4
843 600 10
251 962 7
710 96 3
106 580 3
94 621 4
83 689 7
523 773 1
252 500 1
909 738 2
320 961 9
834 872 8
988 726 8
651 658 7
856 822 2
376 494 10
773 426 9
56 461 4
604 444 10
713 953 2
393 929 1
504 221 5
110 862 5
334 792 7
348 77 6
86 254 10
226 847 6
411 221 9
432 946 2
432 382 9
832 553 4
849 287 7
674 940 10
332 70 4
640 68 10
608 825 9
509 698 7
802 72 3
232 336 3
937 235 4
798 58 8
83 985 9
667 142 3
154 528 4
961 134 7
538 329 4
435 819 1
971 240 4
818 439 7
937 417 3
616 565 4
720 623 1
431 881 5
711 92 3
345 787 8
270 829 7
524 175 2
416 737 7
355 399 2
779 472 7
702 903 4
629 872 6
0 95 3
784 199 5
132 39 2
972 756 3
555 83 3
378 920 4
107 506 1
778 897 8
625 641 5
17 982 3
586 109 10
31 686 9
177 503 9
848 419 5
710 190 6
946 581 7
711 215 3
293 876 2
943 407 8
422 584 2
454 849 2
834 702 1
907 383 5
821 862 4
197 597 4
573 219 5
865 785 8
451 511 2
28 487 8
60 258 6
873 176 6
302 724 6
271 664 5
748 126 5
506 602 4
148 467 9
658 313 7
619 117 4
748 91 5
524 866 10
510 146 2
884 629 6
424 885 3
368 906 8
251 132 2
467 834 9
348 406 7
131 342 1
574 395 9
936 243 5
820 42 2
935 324 10
293 815 5
64 766 8
6 106 9
185 659 2
769 628 10
882 993 3
484 909 5
929 342 10
540 872 3
599 91 4
704 12 4
708 680 5
4 820 7
701 707 2
923 651 7
555 418 3
406 262 7
820 832 8
415 783 7
473 537 6
543 213 3
161 928 6
31 618 5
256 347 5
847 926 5
915 741 1
819 534 3
508 332 3
783 630 3
228 244 7
104 984 10
444 171 1
869 488 5
609 912 4
975 107 7
549 939 4
501 800 10
573 552 5
477 937 8
968 871 7
979 49 1
626 397 3
324 205 5
958 670 7
430 11 10
337 111 10
496 444 2
899 464 4
280 240 2
52 999 5
389 756 7
216 960 4
20 625 8
209 928 9
575 396 3
933 658 1
216 787 6
202 941 10
190 759 7
42 776 4
0 616 6
596 337 6
460 71 4
406 931 3
950 612 9
663 683 1
583 414 7
313 690 5
223 663 6
619 958 9
393 683 10
153 250 1
727 582 9
460 161 3
630 717 6
655 806 7
626 641 3
553 395 7
266 103 4
782 993 1
275 237 7
317 267 7
275 509 1
877 983 10
122 813 5
513 538 5
416 56 1
585 502 3
515 140 8
338 773 3
985 159 3
158 113 3
588 463 1
383 828 7
808 607 10
920 872 4
990 625 10
750 976 1
192 52 3
693 993 8
215 623 1
207 756 1
412 464 8
430 211 7
838 38 1
137 530 1
762 332 4
726 124 1
503 433 6
869 81 3
985 6 4
674 305 6
569 608 6
912 812 3
96 50 10
994 773 3
734 62 3
909 526 2
265 235 5
695 757 8
307 881 5
202 484 5
861 788 8
885 970 5
528 416 8
465 651 2
856 3 9
683 847 5
753 856 2
979 906 9
135 614 1
305 222 8
365 328 6
681 275 10
9 848 7
202 173 7
13 838 10
747 806 6
19 53 1
795 6 5
873 921 8
436 541 6
696 717 5
506 926 6
367 161 2
485 502 1
592 702 5
819 605 2
917 219 7
114 766 1
655 997 9
263 352 6
976 842 4
835 306 10
945 230 9
78 99 7
629 11 8
60 156 1
284 890 5
527 593 5
847 728 1
231 475 2
174 882 1
990 80 10
761 41 1
0 618 10
712 338 6
117 111 2
966 269 2
977 493 7
761 207 8
726 379 1
447 671 5
463 977 2
119 187 9
856 346 5
220 159 2
181 459 4
67 145 9
280 975 7
973 734 5
929 595 6
236 549 2
67 631 4
259 302 3
108 321 8
599 22 2
769 66 10
202 314 7
598 391 4
316 774 7
772 349 2
1 578 5
913 225 6
691 665 4
226 319 8
228 90 10
268 122 7
360 77 2
615 202 7
225 836 9
420 945 7
44 610 4
951 755 2
137 315 9
606 515 9
286 778 6
555 557 9
568 546 1
976 881 2
521 315 2
410 194 3
248 349 6
65 812 9
38 738 1
674 442 4
779 454 6
30 616 2
805 562 8
630 865 5
759 754 9
727 102 7
23 334 2
763 860 5
598 494 8
570 246 3
535 260 1
830 115 3
93 636 10
878 516 1
874 387 5
161 428 10
972 259 9
195 824 4
84 406 10
382 302 3
591 318 9
736 212 1
236 721 5
227 285 3
204 20 2
445 513 9
113 172 3
879 462 3
518 872 2
755 843 7
102 822 9
675 602 8
512 546 10
369 894 7
12 436 2
973 71 7
621 366 3
544 656 8
487 426 9
634 372 8
838 475 1
809 704 3
714 57 2
867 461 9
421 671 8
134 454 6
414 459 2
705 207 9
745 473 5
255 36 9
792 691 6
499 5 9
962 208 5
942 820 3
90 657 1
520 764 8
271 955 6
229 179 3
469 468 9
304 635 6
133 248 1
678 574 7
12 464 8
688 431 3
19 201 9
796 100 9
596 554 8
287 380 9
771 707 7
897 420 2
98 475 1
778 567 6
346 274 4
303 776 4
164 634 8
735 236 9
242 786 9
787 288 1
292 661 5
760 763 3
431 327 10
687 867 1
9 425 8
495 271 9
137 416 1
527 19 5
48 400 3
569 729 2
801 175 2
567 711 6
603 675 8
406 154 7
111 948 4
195 54 3
200 200 5
584 983 6
818 795 5
511 26 1
860 854 1
162 841 9
1 244 7
777 619 5
561 383 2
148 933 5
793 858 5
860 485 10
285 429 4
476 208 3
862 174 2
342 300 6
524 465 1
95 982 2
575 724 8
876 846 6
735 752 3
432 93 4
276 135 5
244 648 2
86 639 9
840 349 6
179 257 7
532 557 4
996 129 3
79 42 2
739 350 1
650 563 6
874 742 2
795 52 3
944 153 7
851 776 3
270 759 2
135 157 2
71 967 8
929 477 2
659 391 4
414 156 10
43 643 9
583 401 3
868 836 6
304 498 6
321 554 10
750 928 10
741 55 1
268 330 5
536 409 3
805 348 3
666 144 6
783 349 3
740 692 4
61 245 4
724 470 7
285 599 4
444 224 2
795 636 7
56 582 2
93 515 8
578 123 9
834 469 6
785 674 6
9 933 10
850 315 4
448 694 9
984 484 9
847 385 1
942 4 5
312 842 3
418 451 4
578 966 10
9 959 9
176 402 8
634 38 3
845 577 9
161 319 8
412 77 2
120 951 7
865 935 7
330 718 7
59 527 4
426 330 6
893 737 2
160 248 1
929 504 2
561 862 1
878 423 9
684 549 2
325 253 10
582 650 4
391 838 10
387 5 8
292 676 5
534 756 2
171 659 8
114 768 8
534 739 3
91 39 5
648 395 3
149 781 9
335 25 3
476 852 5
591 523 5
258 188 5
409 913 10
767 779 2
594 805 6
360 853 3
712 43 6
381 849 6
189 963 1
325 826 7
750 381 7
566 292 9
280 145 10
137 490 10
944 586 4
510 493 4
388 733 9
180 920 7
226 488 9
72 670 10
788 697 1
430 636 4
479 407 9
729 620 6
15 764 3
895 753 7
939 184 3
375 687 9
460 21 5
661 87 8
621 268 4
18 56 9
268 257 10
246 90 9
183 134 7
611 291 1
454 894 6
238 443 8
945 586 4
556 621 1
408 320 4
778 197 3
893 151 4
568 343 7
106 507 5
773 779 1
491 810 10
491 612 8
839 250 9
259 472 5
665 965 7
252 768 3
46 599 8
475 648 4
836 655 10
826 75 3
534 522 10
778 421 7
330 541 9
12 948 1
681 143 6
949 12 6
243 201 4
4 937 5
611 106 3
477 178 5
701 881 2
670 62 8
971 445 5
9 209 3
927 394 4
221 476 2
873 646 1
528 744 7
569 925 10
606 516 6
937 185 6
678 771 2
866 426 7
272 412 1
279 589 2
673 94 9
874 620 2
939 98 9
260 701 8
27 111 8
250 805 10
288 799 9
280 173 9
625 909 1
433 706 7
641 902 1
281 527 7
989 780 3
256 457 4
706 237 4
715 741 3
648 948 7
993 977 7
679 908 2
864 642 10
931 801 8
923 778 6
31 332 1
266 315 7
304 59 4
921 103 5
249 633 4
215 355 3
195 185 6
117 840 8
165 260 10
549 710 6
526 585 5
454 932 5
949 834 2
702 749 4
557 92 8
594 934 1
661 881 3
294 995 10
262 569 3
344 47 4
296 117 4
707 63 2
725 911 5
397 756 2
244 646 4
164 803 6
270 39 7
459 328 8
232 133 2
725 323 7
996 536 8
109 52 9
420 446 2
290 209 6
952 485 2
462 860 8
297 544 9
323 615 2
405 341 1
202 694 5
794 91 5
743 238 3
507 730 1
837 462 9
490 178 4
588 142 1
578 325 9
419 517 4
799 586 8
406 470 5
329 432 9
457 315 4
7 721 7
974 758 10
142 524 9
386 585 5
977 187 10
566 435 9
744 611 9
564 612 3
919 65 7
554 914 7
930 729 1
948 918 9
898 787 1
369 943 5
906 47 10
767 686 4
941 352 3
980 383 9
355 928 5
68 18 7
558 323 7
983 836 8
959 297 10
286 314 2
1 584 7
702 865 6
32 539 10
262 489 5
103 512 6
474 350 4
816 282 8
529 271 4
663 98 7
44 973 1
655 571 5
158 58 10
883 595 7
553 821 3
589 506 7
836 358 6
725 824 6
991 726 9
967 362 5
281 9 4
754 193 6
23 870 3
22 985 5
245 147 7
302 488 2
620 962 5
133 698 1
641 4 10
938 707 1
179 368 5
579 965 6
130 136 5
12 70 1
772 789 1
441 133 4
875 481 7
285 973 10
840 585 4
373 353 4
154 987 5
847 121 2
52 955 9
952 605 5
98 981 3
176 944 3
549 41 7
677 777 9
706 101 2
329 18 9
84 191 8
74 947 3
4 420 7
356 610 9
260 844 1
970 753 2
672 820 1
197 338 2
778 777 8
564 699 10
761 846 6
726 707 1
733 739 3
181 398 4
297 888 10
817 371 1
167 906 3
221 803 1
689 982 5
833 383 1
178 169 10
768 554 10
756 79 3
609 756 6
994 242 9
805 91 9
456 249 5
466 752 4
768 467 5
366 227 5
573 48 6
290 326 3
956 365 1
619 641 6
615 460 10
344 459 2
312 794 9
119 129 6
368 845 6
398 371 2
670 649 4
21 591 9
490 354 6
372 820 7
703 246 6
82 842 3
105 551 8
429 24 9
594 311 1
121 16 7
850 104 5
879 830 2
351 320 6
591 11 6
155 692 3
178 204 8
404 465 8
560 820 1
797 934 7
8 577 2
975 294 9
146 127 8
991 872 8
935 802 6
52 328 9
689 622 3
756 273 5
100 43 5
728 226 6
27 41 4
719 745 1
832 640 9
750 263 9
229 750 7
877 162 5
775 451 2
201 834 4
77 45 1
491 162 5
439 912 6
522 319 4
802 695 7
913 831 1
662 494 5
596 224 2
746 255 9
855 410 6
768 568 2
382 555 4
163 760 4
118 759 8
440 109 2
761 194 9
203 40 2
280 403 8
756 644 8
74 843 2
684 940 10
780 448 5
838 195 9
16 618 5
667 302 9
620 494 2
840 600 2
833 155 10
336 764 2
313 747 1
952 513 7
313 709 5
707 394 10
289 548 8
789 849 5
933 251 10
45 594 10
214 972 10
631 365 3
677 362 5
771 876 5
400 283 1
329 391 1
93 430 5
650 196 7
976 210 4
14 88 4
228 983 7
600 650 2
666 226 9
702 54 9
757 403 8
533 97 9
663 715 9
330 289 7
608 502 3
597 876 5
823 156 1
457 5 3
351 1 10
300 363 4
166 853 5
105 628 3
764 561 8
969 77 7
176 75 9
489 900 6
682 218 7
257 270 6
103 908 10
166 749 5
601 661 2
895 924 8
946 966 2
380 222 6
278 47 10
170 821 10
929 482 7
671 344 5
579 52 5
271 339 5
679 582 3
353 939 6
115 747 9
407 668 4
472 675 4
709 8 5
553 242 3
108 931 8
283 563 2
893 559 6
425 757 3
655 443 2
705 55 9
457 570 4
871 530 7
933 605 9
470 647 1
128 425 8
688 536 8
786 951 4
248 34 5
35 136 7
174 328 1
685 32 7
383 48 3
943 591 8
631 988 8
998 154 6
564 261 1
323 9 1
144 350 4
541 760 6
221 328 7
714 767 1
807 332 3
804 553 10
647 884 4
778 222 2
503 738 9
303 955 4
205 430 5
149 694 1
927 23 4
738 291 4
881 207 10
135 725 9
949 596 3
275 316 7
417 740 4
521 516 10
791 370 8
929 38 10
220 684 7
421 967 9
43 315 2
452 82 7
93 313 7
627 643 1
744 90 7
766 588 5
471 849 7
682 884 4
180 367 4
585 920 1
658 966 6
673 181 8
704 285 9
739 784 2
366 117 10
816 132 4
593 214 3
959 268 6
141 251 3
738 821 1
977 184 3
685 155 9
30 134 4
29 197 8
53 833 5
19 650 6
704 650 8
77 994 4
168 544 3
285 803 7
91 770 2
933 666 1
761 885 1
507 369 4
869 969 7
78 354 1
960 820 5
185 385 2
500 360 2
45 984 8
239 293 10
508 691 9
464 818 5
391 419 1
823 591 3
771 265 2
59 190 3
687 385 8
256 437 7
619 983 7
124 644 2
371 481 5
374 89 4
711 620 4
512 163 8
915 379 5
536 159 9
119 768 2
354 330 8
939 981 5
443 508 9
839 319 2
421 940 7
226 104 6
175 848 2
787 285 2
680 273 2
915 531 5
72 873 1
209 754 10
522 338 8
130 6 6
8 473 8
110 360 4
518 163 9
531 249 7
163 698 7
469 76 6
488 352 8
912 78 10
524 24 9
453 2 5
752 345 5
336 285 1
366 744 9
113 212 9
711 591 5
383 575 7
886 271 10
685 692 7
337 11 4
755 197 4
991 940 6
583 904 9
98 347 6
380 370 8
734 90 9
228 477 5
828 672 7
719 350 7
320 104 10
172 544 8
664 829 2
476 861 6
472 491 4
351 313 7
339 794 10
725 112 9
173 214 9
249 169 2
596 658 4
593 291 10
492 135 9
787 182 8
571 672 4
818 903 1
187 85 4
963 100 4
36 216 8
915 304 8
350 409 4
63 399 1
28 653 10
909 730 3
101 914 2
821 679 7
731 646 7
59 767 7
717 276 10
853 83 10
795 662 1
116 517 7
391 530 7
419 473 2
616 387 4
736 446 2
214 11 1
887 957 5
857 462 2
342 440 7
517 443 3
838 208 5
190 596 5
956 783 9
625 938 3
950 244 8
532 835 4
808 375 5
282 514 1
109 93 1
149 344 10
646 303 7
848 660 6
451 426 6
139 728 5
754 426 8
812 196 7
936 244 6
718 230 7
48 280 2
237 150 9
688 798 2
236 628 7
929 637 6
725 399 7
838 671 6
224 337 3
419 240 5
533 420 8
407 735 10
21 568 1
306 616 6
974 658 9
800 694 2
345 299 3
450 985 1
126 858 9
690 930 8
34 342 4
550 821 10
783 638 6
507 247 8
529 523 2
62 354 4
282 563 2
94 669 8
449 576 5
845 483 3
554 304 9
484 457 5
18 645 1
6 463 7
915 342 10
678 376 7
22 849 10
675 815 4
396 440 9
211 894 1
67 325 7
335 468 8
571 158 3
965 302 4
602 897 8
173 894 5
7 693 6
977 449 3
991 30 10
96 300 6
731 258 3
815 635 5
425 972 6
100 496 4
688 590 3
359 468 7
402 365 9
805 969 8
915 628 3
957 187 9
819 690 6
136 630 1
681 969 9
246 961 4
457 277 6
567 353 6
647 460 8
291 229 2
692 887 5
113 650 8
143 958 2
46 395 1
818 723 5
809 989 8
903 883 1
147 737 1
966 658 2
125 365 2
530 899 9
65 92 3
710 921 2
522 522 4
572 931 8
242 520 4
948 568 1
495 953 1
378 983 1
671 287 8
228 445 3
960 922 10
872 228 5
896 419 1
494 721 2
372 959 7
334 993 8
242 110 7
46 344 2
297 194 1
924 614 4
650 232 8
42 855 4
822 863 6
597 808 6
842 66 8
843 450 9
753 948 10
434 564 8
977 203 4
960 916 7
691 45 8
983 730 5
664 128 6
206 291 8
521 68 1
691 388 2
19 504 4
539 499 8
509 536 9
947 184 1
741 952 3
84 362 4
237 781 9
599 226 8
23 620 8
308 612 10
617 948 2
841 70 7
434 238 8
280 928 7
403 443 7
714 133 5
507 715 5
609 922 7
571 415 4
431 446 3
871 211 7
400 483 9
448 265 2
691 959 10
119 513 4
400 335 8
78 110 3
118 284 4
934 492 5
304 749 1
485 434 7
982 703 7
834 396 8
638 732 4
902 751 5
804 41 8
351 215 9
636 396 5
716 354 7
241 512 8
322 630 6
597 979 10
993 6 5
74 466 9
109 955 3
775 322 8
926 332 4
913 297 8
950 661 10
199 320 10
575 658 4
557 272 4
197 31 5
633 941 10
238 939 10
668 853 1
414 837 4
910 410 7
479 968 7
695 831 3
524 696 7
947 351 3
333 124 8
342 899 4
479 355 2
422 300 3
116 565 1
669 970 8
79 333 2
203 44 10
542 64 7
102 765 1
185 177 2
431 200 4
761 237 8
752 923 6
810 604 9
36 345 1
505 941 8
112 179 1
547 407 10
358 648 4
35 872 2
198 558 10
140 301 6
269 697 6
298 516 7
979 287 5
804 926 2
779 469 9
534 418 8
89 517 1
336 684 3
663 832 2
426 722 10
59 864 2
458 893 3
34 603 9
572 873 7
37 331 8
524 298 10
225 18 5
923 576 2
950 153 9
181 110 4
156 785 5
172 137 3
604 523 7
107 266 8
686 955 2
845 893 8
64 641 3
434 944 3
902 339 8
62 569 10
660 984 3
581 998 5
156 303 2
941 82 7
9 859 1
410 724 3
102 905 8
98 189 4
149 893 6
371 137 2
868 144 10
115 659 9
580 670 2
379 178 6
659 104 2
376 964 1
486 356 8
774 836 4
727 13 3
434 403 2
712 636 7
212 860 4
316 78 1
688 433 9
439 521 9
591 756 7
165 328 8
786 590 1
449 573 3
691 848 5
309 888 8
289 117 10
789 102 9
118 600 6
798 62 8
471 38 6
998 891 2
761 456 4
408 14 2
476 705 3
875 687 4
813 542 4
635 992 4
889 840 10
587 717 6
26 963 6
680 99 1
384 358 4
366 989 2
12 413 7
852 638 6
483 599 1
710 966 6
895 283 2
725 488 4
989 479 1
606 349 10
110 162 1
338 161 1
695 510 1
643 581 9
38 47 5
405 392 2
260 115 4
978 640 7
680 325 4
748 190 8
631 864 6
882 261 7
255 769 10
31 83 6
955 550 9
507 962 10
943 51 4
316 760 5
531 553 3
918 661 4
287 887 2
521 717 9
900 199 2
646 974 4
608 764 9
168 253 2
544 764 3
262 151 2
951 284 3
169 22 5
204 857 3
4 775 2
840 5 3
420 293 8
308 678 1
718 371 8
604 358 9
677 314 10
38 556 1
931 734 4
916 893 7
749 888 5
157 279 7
61 875 9
702 663 7
509 73 2
272 771 9
597 264 1
527 625 6
221 280 9
730 326 7
574 950 7
762 943 3
38 454 5
906 94 7
766 535 3
25 594 7
292 897 8
686 580 2
313 223 10
275 726 9
471 522 9
141 312 8
376 511 2
909 611 10
979 318 3
426 430 3
369 365 3
387 484 4
654 879 1
832 896 1
664 392 1
800 758 8
361 340 7
458 389 7
94 891 10
84 27 3
114 471 8
610 42 3
776 704 6
359 655 5
480 598 8
933 767 6
251 520 2
388 241 8
360 869 6
373 580 10
781 0 7
215 574 5
495 594 5
352 733 1
39 238 3
634 985 1
120 889 8
895 748 2
705 909 5
5 279 6
471 505 6
217 413 9
525 317 2
564 713 8
295 215 7
833 519 2
969 30 10
30 346 8
32 409 6
702 536 2
934 263 2
723 564 10
389 134 3
138 265 7
453 107 6
21 805 1
340 517 4
725 563 7
572 867 6
811 783 6
886 355 6
19 890 9
293 106 10
923 184 10
633 353 10
740 528 1
471 509 5
742 630 3
179 933 3
474 764 1
824 961 6
608 38 2
705 880 2
913 53 5
507 162 6
952 454 5
136 513 10
218 200 10
253 705 1
628 121 5
563 176 3
192 145 1
765 198 7
650 402 4
78 982 1
471 273 3
116 399 9
587 12 2
170 747 4
986 412 6
91 976 5
249 153 4
448 136 9
173 878 6
908 763 3
379 104 8
219 326 10
722 509 4
643 906 5
878 44 6
144 454 5
568 658 1
877 67 8
918 890 6
608 379 5
808 620 7
96 468 2
5 234 7
377 30 5
378 181 3
397 879 2
340 513 4
410 937 8
297 720 4
931 696 2
0 486 6
733 302 8
442 522 1
29 917 9
456 643 8
456 984 10
731 856 6
286 389 9
164 589 4
919 34 9
986 632 7
387 989 3
144 751 2
115 416 2
931 604 7
977 559 5
569 803 3
783 924 3
150 116 10
784 267 9
463 874 1
229 690 3
337 627 5
239 755 6
821 237 6
27 157 3
850 628 5
665 194 3
701 692 5
843 203 7
984 773 1
936 13 4
855 415 3
106 910 1
331 467 1
536 941 7
748 106 6
809 374 2
41 216 7
334 908 4
822 149 9
138 476 2
754 634 2
426 974 4
266 44 7
540 744 5
903 445 4
826 850 4
681 764 5
601 341 7
343 59 6
545 242 7
28 766 3
735 179 9
994 970 5
807 567 4
670 696 9
525 815 6
458 870 2
561 624 4
807 561 5
24 166 3
54 663 10
515 429 2
630 141 7
918 528 4
169 190 5
525 319 4
375 778 4
722 42 5
291 123 4
803 355 2
198 776 10
449 180 9
759 594 4
873 552 3
50 639 10
363 645 8
701 815 5
6 957 7
717 205 5
837 76 10
785 263 5
935 846 5
651 543 1
414 201 5
339 552 8
367 8 1
698 266 3
584 59 10
937 931 4
669 91 7
242 297 2
0 539 10
370 760 9
30 16 4
221 504 9
161 401 6
133 233 8
195 612 10
40 769 2
509 567 8
762 523 7
725 812 9
139 839 6
933 467 7
959 618 2
815 729 3
126 697 6
506 136 4
758 740 6
493 78 8
125 993 2
468 559 8
492 503 1
811 808 4
398 220 8
906 322 9
302 823 4
880 438 6
992 955 8
186 242 7
775 762 10
420 154 10
846 275 9
404 946 5
397 278 4
303 102 10
324 161 5
97 916 1
918 69 6
291 18 10
705 234 5
369 202 3
261 902 7
59 917 7
671 217 2
172 24 1
66 968 8
190 851 2
848 881 7
848 449 3
569 90 5
654 207 8
225 645 3
972 591 7
305 949 1
573 265 6
891 781 5
972 791 10
872 309 10
538 241 4
976 124 3
981 851 5
374 245 6
719 12 5
19 911 1
754 226 2
967 210 1
318 807 1
883 423 3
656 519 3
901 330 10
637 843 3
353 986 3
158 726 10
965 830 2
695 800 2
921 518 8
721 836 9
9 140 9
476 205 5
358 55 8
549 567 1
767 746 4
859 55 2
977 499 6
335 499 10
904 463 5
165 759 4
476 179 7
259 839 2
643 83 9
693 57 5
250 484 10
193 136 10
651 186 3
86 275 7
417 589 5
692 204 1
439 628 6
989 740 6
411 723 5
109 722 7
673 344 2
297 101 3
225 651 5
549 825 7
650 113 10
911 148 8
961 863 3
633 486 1
860 256 5
930 487 10
362 356 6
194 386 2
511 435 2
98 893 6
750 314 10
509 747 3
792 70 1
611 476 3
823 941 4
767 146 8
39 297 5
88 319 1
822 939 3
245 246 4
905 322 4
585 190 1
720 662 8
442 384 9
310 379 10
691 299 4
362 611 4
857 406 7
43 598 9
718 914 5
887 588 4
869 939 6
387 711 9
220 137 2
735 563 9
702 159 4
978 667 8
655 497 2
514 423 10
718 555 9
562 895 7
60 787 10
318 666 10
948 633 8
850 258 3
478 7 9
94 723 7
849 378 8
84 111 6
469 249 6
108 673 5
297 399 10
486 549 5
56 413 6
400 521 2
651 20 2
371 393 7
191 445 5
833 226 6
643 515 4
803 46 3
358 809 10
860 589 4
262 421 3
849 290 5
526 967 7
827 282 7
759 102 1
635 884 8
533 747 8
568 96 1
642 866 2
48 244 4
128 520 1
866 20 7
614 283 8
941 907 9
648 47 5
472 526 3
744 877 2
329 532 9
434 793 5
628 295 7
781 875 5
658 763 6
418 8 8
417 759 2
783 283 6
551 372 8
954 91 1
560 589 8
643 592 6
888 30 8
751 722 10
992 23 7
297 375 8
539 896 3
964 398 2
229 268 9
301 396 5
89 812 7
986 85 6
995 488 10
908 166 9
392 307 4
848 436 10
915 727 10
435 889 5
682 361 3
7 774 8
933 13 5
580 971 3
998 578 7
48 221 6
78 228 5
561 321 8
134 947 4
905 143 3
292 6 4
190 91 2
537 869 4
372 243 4
688 614 2
305 781 9
522 359 3
210 228 4
156 689 4
893 352 7
98 355 8
528 446 9
877 426 4
862 489 10
809 355 4
288 767 5
59 446 10
814 448 5
619 292 7
458 671 2
231 723 2
73 244 3
600 355 7
828 931 6
476 656 10
533 437 9
76 879 4
839 63 9
330 89 6
846 986 1
610 86 10
523 162 2
799 328 3
577 813 1
690 444 7
765 863 4
231 28 1
278 524 8
843 232 2
359 313 3
174 892 9
554 353 10
157 265 2
672 615 8
275 11 5
484 124 2
950 41 7
485 761 4
48 90 6
472 688 5
584 415 1
359 81 10
384 833 6
234 739 3
208 322 8
854 438 9
591 127 9
972 267 9
683 308 5
958 333 2
592 540 4
972 878 9
997 556 6
129 353 2
972 829 3
70 32 9
898 504 5
381 773 3
151 983 4
17 858 5
200 315 10
901 832 1
503 206 5
672 361 1
789 75 10
317 505 2
872 399 7
407 182 9
414 861 9
938 835 5
274 204 3
416 540 1
512 739 9
647 82 8
884 232 6
53 832 1
466 390 2
215 391 6
325 603 1
81 436 5
770 352 10
255 377 6
785 903 3
849 676 2
655 429 3
818 805 2
401 347 1
312 245 10
416 467 5
395 215 4
278 448 8
642 194 8
700 198 4
86 585 4
784 409 1
528 809 5
57 776 2
775 900 4
374 70 1
17 200 3
550 237 4
841 917 1
304 415 9
922 338 4
346 347 10
421 984 9
475 576 4
549 615 7
509 526 10
750 227 9
698 64 1
586 509 1
272 794 3
931 850 4
591 588 6
162 937 3
304 852 10
168 924 8
668 235 2
797 595 4
912 524 6
854 46 4
850 234 6
589 867 2
936 708 7
216 317 1
753 344 1
930 138 8
518 448 7
955 154 9
401 333 6
96 907 7
771 320 7
341 252 9
607 935 8
935 594 6
640 338 5
785 738 3
107 861 10
850 444 5
489 683 8
427 952 8
17 561 4
746 353 10
714 671 5
232 403 6
581 191 10
539 8 10
841 167 4
911 408 10
324 467 1
960 161 10
732 60 6
222 521 3
768 50 5
867 768 10
556 817 7
22 176 9
332 63 3
904 775 10
249 750 7
305 337 6
240 810 2
899 756 10
895 610 3
158 810 8
454 637 4
734 508 8
408 544 4
178 797 8
133 407 3
976 559 2
611 878 3
474 393 10
813 12 10
699 238 3
981 426 2
758 244 4
404 893 6
797 265 6
694 831 8
760 77 2
47 84 8
426 53 8
583 671 4
206 433 6
28 11 7
751 277 8
130 97 7
220 44 1
368 278 1
146 80 4
65 964 6
350 258 10
76 942 3
889 915 5
995 509 2
932 853 9
92 808 9
408 784 8
228 710 5
439 817 3
401 766 10
216 30 2
947 72 3
36 974 4
518 188 5
724 362 8
401 194 7
991 637 1
682 165 6
390 493 7
743 330 7
634 253 6
30 215 8
242 167 10
353 997 5
197 535 1
767 621 3
673 932 6
82 674 3
777 408 3
621 284 6
49 989 10
759 276 4
40 591 9
667 537 7
283 786 5
455 823 4
632 456 7
353 185 5
805 509 6
66 602 1
120 39 5
800 856 5
609 626 5
881 791 2
977 551 7
685 607 10
702 701 5
461 439 7
585 732 3
242 80 10
222 636 9
876 562 2
477 455 9
816 740 9
361 710 2
857 702 9
301 858 1
856 911 10
208 731 2
683 317 6
525 797 6
667 58 8
444 54 5
280 124 3
969 431 10
208 930 9
208 159 7
435 538 9
176 888 9
493 951 5
140 549 8
354 14 3
573 126 8
721 128 4
644 275 3
804 508 9
26 21 10
217 5 3
577 777 1
115 113 9
302 35 6
945 309 3
182 102 6
61 62 6
257 476 3
301 914 9
30 972 6
376 706 7
725 627 6
671 818 10
757 68 6
518 203 7
16 938 2
739 791 9
924 298 3
47 974 7
832 459 8
928 361 10
777 524 7
942 972 8
45 927 10
817 43 2
462 78 2
686 528 3
862 94 2
989 932 8
489 369 6
189 104 9
93 15 2
139 799 6
892 957 10
705 960 5
77 170 1
89 589 2
374 459 7
577 5 6
966 843 3
501 281 2
98 247 2
583 489 6
853 417 2
789 37 3
559 797 5
948 378 6
826 831 10
652 660 3
448 595 9
635 848 4
36 242 1
261 832 5
317 295 2
529 159 3
744 852 1
52 308 4
349 754 2
691 775 2
234 149 10
63 691 5
820 329 4
652 365 10
593 389 4
24 848 5
272 213 9
254 647 6
9 256 9
581 970 6
482 209 6
84 820 2
321 67 1
477 680 2
843 19 4
709 620 4
593 169 5
911 399 3
411 300 10
323 212 4
878 520 1
345 895 10
547 724 4
327 468 5
142 476 2
605 816 2
525 2 2
800 679 1
511 579 7
953 30 2
790 19 1
636 194 2
290 26 9
734 490 6
25 577 3
733 944 5
77 854 3
412 443 1
784 662 2
280 796 4
9 477 6
804 60 4
910 665 8
187 175 5
16 942 7
446 191 5
223 824 4
190 820 1
667 110 10
788 353 10
891 831 7
899 322 2
706 980 2
703 391 8
448 673 5
928 178 1
12 496 9
633 361 1
104 45 9
996 161 4
625 136 9
146 829 7
386 515 4
217 190 5
493 643 1
87 943 1
212 950 3
322 359 5
207 27 2
401 974 2
904 356 7
317 136 8
898 252 9
794 81 2
541 5 10
571 645 1
195 562 10
582 779 9
178 385 4
134 650 9
331 355 2
847 533 8
918 245 3
202 600 9
79 792 6
745 891 3
466 255 10
631 530 2
46 458 7
608 897 1
450 240 7
678 552 1
482 10 7
910 101 3
209 617 6
826 491 1
681 146 8
618 847 10
28 354 4
498 186 7
21 419 9
326 521 8
458 136 8
860 236 5
219 183 7
448 617 4
601 501 6
788 237 2
120 32 2
596 758 3
627 812 7
22 165 10
410 464 3
728 737 9
98 685 1
904 295 4
61 995 1
528 978 7
425 822 6
172 39 2
156 994 6
418 15 2
597 179 5
909 79 7
218 378 6
685 512 9
27 31 6
496 178 6
664 277 6
878 5 3
507 940 1
292 506 9
73 759 4
196 403 2
964 864 4
582 318 10
788 163 1
950 340 4
393 833 9
486 928 3
873 903 3
265 678 4
883 634 10
438 6 5
231 134 8
822 462 7
48 702 5
237 317 7
301 774 4
707 782 4
5 214 10
159 638 4
526 801 8
241 76 4
351 630 6
80 467 1
162 935 10
46 340 4
999 716 8
897 218 4
522 148 3
28 376 2
919 196 7
66 901 5
875 526 10
779 93 9
335 125 4
329 961 1
86 227 5
395 689 3
996 553 2
266 196 10
190 480 8
428 708 8
490 476 7
911 699 10
859 357 8
897 364 6
0 258 5
154 389 8
102 832 5
235 741 9
885 63 4
377 313 5
773 943 6
858 528 9
834 233 4
305 718 10
689 826 9
170 874 10
215 656 8
647 700 3
301 168 6
284 311 5
153 249 6
435 926 4
521 577 7
746 536 3
715 600 8
286 626 7
168 468 7
327 498 2
571 157 5
286 259 8
925 747 5
294 328 9
152 449 9
607 358 8
92 956 2
11 27 4
962 952 1
933 428 2
120 785 10
431 144 2
138 561 8
480 703 2
552 547 5
344 586 2
476 36 1
255 263 4
831 874 3
760 249 3
993 859 9
232 526 8
787 576 1
237 395 1
336 941 4
271 634 1
461 824 10
65 754 1
407 688 3
349 363 2
58 49 7
43 989 3
822 245 2
964 837 1
520 903 2
367 26 9
197 688 7
336 751 6
469 124 8
129 499 2
718 24 2
808 628 3
363 3 6
680 519 1
532 852 9
533 800 8
256 110 1
449 324 1
253 727 2
394 343 2
509 656 6
657 75 7
510 126 4
14 794 4
803 214 4
999 372 4
446 447 4
6 355 4
262 322 5
537 83 9
109 116 10
518 339 5
980 32 9
519 155 3
997 593 9
506 384 6
71 597 4
54 369 6
720 891 1
544 228 3
795 348 9
974 987 6
667 658 9
873 916 8
960 532 7
965 474 1
763 176 2
776 485 9
779 191 2
909 276 1
455 634 10
906 397 10
458 660 5
764 878 4
710 743 1
295 416 10
606 519 1
363 378 2
1 119 1
328 616 5
149 343 4
330 941 1
515 566 5
970 146 4
967 473 6
714 76 10
191 386 9
146 94 2
256 460 6
523 470 9
442 241 8
857 799 8
312 717 9
176 860 9
451 606 9
410 956 4
694 868 3
871 928 8
223 493 6
554 221 3
219 415 2
373 908 9
680 30 7
767 369 3
70 893 1
586 892 7
856 791 1
485 190 10
723 765 5
105 549 9
66 949 2
413 682 7
161 681 6
676 982 7
178 45 5
751 657 4
250 102 9
37 63 2
974 142 6
370 663 9
877 341 4
312 521 8
770 287 2
835 455 8
119 950 4
324 100 6
793 380 10
398 28 1
278 346 10
927 556 7
385 128 1
176 541 3
9 377 7
74 521 10
514 171 5
321 44 2
459 963 2
518 375 3
703 502 5
418 520 1
448 644 1
785 338 1
533 855 10
994 269 1
637 479 9
650 817 3
319 935 2
798 172 6
111 358 7
64 862 2
924 521 10
389 768 4
322 258 6
75 237 4
187 941 10
76 777 3
868 713 10
551 708 10
120 93 7
95 940 5
433 273 9
125 907 5
663 679 9
288 626 4
896 470 3
323 429 2
401 524 3
76 480 8
14 715 7
814 621 10
637 159 6
227 488 5
65 888 8
78 92 7
913 409 3
696 30 5
112 712 9
107 170 5
72 860 6
850 541 5
9 359 7
654 651 4
879 70 7
833 252 7
756 193 1
602 908 7
419 824 4
92 571 2
239 373 10
707 943 2
46 503 10
625 747 3
417 26 4
223 348 6
722 929 6
629 325 6
99 202 3
196 408 9
245 811 6
86 858 4
787 86 2
169 682 8
686 554 8
119 435 9
611 897 4
177 124 1
335 584 10
668 330 9
131 809 9
188 184 9
980 737 1
614 665 9
19 931 10
552 19 9
563 749 5
600 753 1
875 918 2
327 470 5
652 888 3
601 255 7
727 9 10
450 419 3
715 984 10
716 578 10
141 240 1
326 165 2
4 358 1
311 128 3
665 516 3
236 60 6
118 224 7
920 209 4
611 555 1
327 735 5
892 198 2
101 732 3
191 519 9
393 59 3
608 891 7
197 57 9
486 906 4
926 659 8
954 149 3
570 600 2
412 562 5
573 120 7
24 967 10
738 216 4
850 336 7
611 227 9
13 974 1
366 610 2
276 398 9
210 697 3
599 418 3
217 8 7
350 90 2
697 744 7
356 263 1
644 120 9
555 749 2
837 855 8
117 388 9
569 854 8
150 449 6
32 979 7
398 955 8
918 41 5
357 226 5
815 855 10
333 810 10
923 476 9
339 754 2
586 723 3
314 640 9
167 928 2
909 203 10
383 513 9
638 99 1
879 497 10
143 128 1
511 275 6
734 504 10
576 255 4
584 13 6
500 978 7
890 652 8
559 294 2
619 599 4
298 187 7
570 595 1
214 455 3
480 702 10
629 675 3
128 966 2
841 488 5
435 337 1
187 869 8
524 577 9
280 163 10
180 953 1
843 417 8
60 861 7
143 371 10
983 347 3
821 760 7
251 802 7
588 372 8
909 504 2
652 398 9
573 561 9
312 739 4
51 822 10
544 735 7
455 561 9
1 868 2
257 483 5
608 564 8
340 807 4
830 211 1
125 32 7
247 160 6
6 890 4
572 885 9
65 100 5
861 575 4
297 822 3
432 864 1
795 403 2
625 887 8
767 937 7
173 961 1
109 566 5
189 522 4
439 765 7
200 973 6
708 755 5
986 178 8
367 884 10
521 482 6
797 271 6
901 382 4
949 737 3
908 463 5
701 722 9
625 213 8
225 270 1
840 497 8
655 907 5
902 705 4
421 737 8
239 448 8
108 501 9
361 46 6
735 341 7
543 994 1
222 834 7
557 947 8
791 629 1
927 878 3
107 840 4
493 258 9
549 131 4
111 87 5
341 353 9
605 976 1
630 195 8
474 131 8
592 642 5
669 254 5
391 875 7
708 473 6
426 483 9
214 748 6
892 708 3
821 675 2
361 878 3
498 953 10
798 255 10
355 772 8
61 288 2
701 269 5
577 676 3
175 430 6
616 557 6
703 722 4
918 964 4
6 718 8
53 895 3
801 722 3
261 409 1
51 380 3
318 488 7
943 885 3
862 203 3
602 5 7
634 733 7
253 225 4
786 700 10
1 402 6
846 606 7
573 862 9
893 766 5
155 542 6
602 820 2
72 449 4
910 963 4
741 843 10
751 387 3
603 513 2
82 86 6
844 493 6
775 840 5
236 264 6
524 552 6
999 19 8
452 661 1
262 931 6
993 278 10
690 802 8
229 395 7
545 245 8
954 786 7
834 915 8
645 919 8
69 48 8
74 303 7
448 431 7
950 432 9
33 205 8
907 369 8
680 42 5
653 319 8
831 550 7
155 204 8
705 69 2
815 225 10
251 969 10
428 164 10
850 232 7
796 722 5
44 974 2
868 301 3
364 719 5
578 299 5
339 788 8
881 876 7
851 779 8
469 582 4
634 520 10
800 550 1
297 220 1
44 295 5
30 775 7
183 320 8
932 268 2
863 940 1
160 333 3
113 391 2
495 479 9
943 785 3
456 886 8
817 225 9
895 369 2
541 750 9
675 45 5
882 68 3
535 344 2
63 866 2
272 402 4
566 462 4
375 323 3
120 589 3
198 481 2
604 508 9
600 954 4
783 240 7
112 408 6
31 199 10
68 535 9
426 336 3
756 88 9
876 692 4
532 877 1
467 387 6
752 695 7
243 772 8
137 879 1
979 922 2
678 908 2
409 492 2
503 651 7
986 435 3
533 581 5
935 712 8
38 193 8
442 891 8
673 607 4
877 813 9
355 855 5
373 118 3
258 457 8
906 748 8
43 714 8
615 529 9
475 917 10
458 934 7
550 879 3
684 428 1
550 826 7
585 423 9
548 963 6
900 427 6
724 986 7
314 300 10
314 567 1
767 821 1
782 349 5
304 732 7
626 22 2
497 363 3
132 765 2
521 613 4
682 517 5
879 61 2
350 429 1
920 479 9
64 434 6
874 289 10
936 596 7
874 621 10
779 945 5
660 917 9
634 271 6
563 843 2
812 155 1
721 734 6
400 101 3
290 322 1
46 608 2
208 657 9
295 436 8
171 123 5
220 759 6
746 145 6
120 5 1
780 483 3
713 443 3
619 473 2
569 244 6
890 355 6
668 121 8
895 644 7
953 668 8
741 722 2
69 144 2
951 171 4
756 976 5
497 390 4
698 48 9
588 790 10
816 948 5
887 72 9
967 758 4
651 637 3
102 397 5
371 327 9
605 687 6
346 369 6
35 167 1
432 176 6
521 923 5
626 406 5
776 230 2
425 859 1
751 580 4
919 971 2
809 464 2
281 576 6
32 959 4
644 780 4
723 329 5
414 123 10
361 659 3
490 279 6
281 254 7
106 805 3
877 689 10
970 677 3
287 111 5
219 941 7
486 635 2
913 835 10
424 639 3
723 166 1
95 95 9
732 624 10
492 86 9
882 697 1
292 645 10
732 289 4
773 585 2
898 782 9
765 32 10
604 955 8
396 856 6
316 166 9
152 2 7
609 288 7
38 136 4
850 892 4
22 468 10
970 997 2
20 995 4
997 653 10
657 332 4
609 450 1
259 645 3
240 77 2
323 296 8
568 995 2
904 473 6
666 50 10
511 214 7
376 476 4
943 599 6
418 165 9
5 654 6
758 335 7
15 993 3
906 87 1
758 702 5
509 427 10
459 285 8
651 479 10
365 89 5
136 409 4
340 662 7
358 162 9
490 296 7
791 864 10
503 743 4
677 264 4
213 725 9
821 778 2
359 409 8
435 629 3
219 927 1
303 329 10
753 681 6
399 445 6
561 46 3
918 151 10
624 809 3
335 175 5
224 305 8
792 867 4
786 690 6
737 510 4
368 77 6
203 523 8
523 567 9
175 164 2
944 705 8
411 62 8
793 365 9
291 752 1
924 559 1
870 201 8
896 969 3
696 218 10
336 852 3
557 86 10
239 529 6
603 981 5
781 762 6
605 200 8
515 631 1
272 60 8
162 133 9
261 858 1
930 691 6
409 96 8
93 949 8
226 448 1
267 447 4
356 681 8
298 676 3
761 286 9
941 760 1
396 923 5
972 911 6
716 544 1
989 83 5
219 980 2
986 281 5
80 994 10
332 21 7
181 212 2
19 157 4
821 529 9
145 560 7
495 587 2
333 163 9
559 842 1
739 650 4
417 193 1
107 647 8
740 762 6
385 407 1
369 627 6
685 309 2
790 382 2
582 409 3
969 777 4
333 97 2
147 349 4
743 61 8
451 264 2
855 941 9
642 338 5
848 753 2
819 997 1
297 443 1
376 742 8
598 749 1
157 735 9
451 230 3
155 22 2
190 487 5
56 857 6
481 643 3
101 369 3
150 451 6
939 478 7
303 557 7
989 5 1
130 897 9
278 118 5
877 417 10
178 651 2
651 600 5
923 888 10
444 886 1
977 120 10
659 995 3
238 729 5
935 384 5
817 589 7
532 707 9
570 876 4
422 374 2
996 394 4
626 309 5
438 267 2
775 234 1
543 911 3
830 852 3
966 581 4
317 776 5
244 547 2
460 457 9
270 632 2
326 978 8
407 912 6
40 433 4
676 354 1
248 483 2
848 279 10
293 527 3
964 611 4
340 82 1
528 33 4
358 619 10
529 661 8
735 576 7
719 654 7
633 75 10
457 62 3
117 908 1
260 353 6
409 216 2
826 261 10
166 598 5
421 492 5
611 764 9
300 444 9
397 43 7
537 592 4
300 689 3
854 230 2
199 960 10
460 568 1
689 484 10
181 818 4
434 697 10
322 335 1
238 379 8
49 470 8
271 740 3
31 431 5
787 188 1
257 399 10
1 689 10
981 292 4
157 184 10
706 552 6
262 283 1
342 633 3
121 968 9
642 298 8
581 37 10
621 505 10
751 270 6
491 651 8
969 358 4
719 664 10
124 381 10
462 578 3
182 134 4
959 475 1
920 172 7
421 186 7
122 477 7
882 614 6
402 352 8
694 405 4
637 1 7
319 262 8
73 242 1
563 340 8
420 16 8
10 598 10
157 456 9
486 924 8
850 254 4
850 725 4
526 327 2
901 659 3
601 728 1
216 304 9
27 153 4
121 59 7
593 641 7
931 428 3
765 19 1
301 607 3
742 517 4
730 615 7
397 817 5
292 428 4
167 507 9
832 0 10
203 453 9
963 674 5
516 608 7
630 884 3
810 237 5
96 491 6
327 897 10
684 996 9
401 444 3
883 499 3
615 351 8
225 979 3
627 139 8
827 729 4
209 762 9
869 380 4
9 160 2
27 405 7
40 518 8
909 979 1
398 39 4
534 683 1
439 794 8
270 419 8
260 0 1
920 407 6
413 291 4
724 577 8
413 960 8
238 90 6
649 203 1
532 591 1
29 764 6
472 244 2
686 287 9
24 107 4
335 546 1
613 578 8
920 593 8
363 361 7
445 561 4
903 275 2
416 906 3
85 143 1
172 436 10
232 766 3
885 467 6
288 520 2
751 35 8
388 934 2
436 382 1
491 572 1
35 962 8
64 145 2
361 608 2
911 757 3
107 756 8
635 660 1
478 552 5
783 381 6
373 90 3
524 372 10
716 157 10
788 583 7
805 184 6
99 705 1
112 268 4
889 379 3
617 81 2
387 580 2
88 33 8
419 326 10
262 179 9
143 483 8
327 960 8
269 954 6
681 709 7
965 859 6
477 364 10
83 858 4
495 919 9
984 182 10
587 167 7
308 825 3
417 186 9
977 756 4
230 393 7
477 171 2
779 681 10
503 927 1
609 989 8
419 228 7
389 951 10
480 418 1
215 296 9
308 34 6
925 354 8
147 495 1
784 323 1
281 800 10
804 48 1
528 434 1
269 147 7
971 424 9
589 269 8
188 914 7
426 643 6
793 12 5
833 544 5
611 178 10
508 321 10
283 325 1
974 877 8
934 305 9
672 82 6
545 438 10
543 542 10
870 503 6
408 604 6
348 405 2
436 862 9
886 945 6
182 613 3
92 910 7
107 548 4
310 160 2
550 267 1
914 714 1
726 813 1
317 191 8
542 468 3
631 896 7
790 942 10
494 979 1
680 223 10
829 738 4
151 264 4
551 287 7
707 738 2
597 634 9
725 693 5
398 143 3
245 518 5
288 773 6
984 3 5
558 884 8
629 752 9
794 840 1
883 166 8
128 721 8
568 217 5
181 177 7
810 611 7
29 885 4
826 401 10
794 569 9
876 26 10
596 369 6
111 480 1
294 936 7
438 196 5
23 4 4
194 405 8
186 721 1
889 862 4
196 124 7
76 939 5
619 639 5
903 589 10
304 951 3
0 904 8
628 950 1
305 354 9
278 226 7
558 576 2
984 631 4
28 800 10
713 113 7
965 842 4
61 438 7
661 932 6
414 872 10
174 618 2
14 253 9
161 573 4
399 88 10
374 751 2
25 686 10
233 916 9
291 533 7
876 366 8
488 724 8
924 406 7
74 702 2
44 791 7
683 18 7
887 48 3
704 526 5
698 662 1
494 424 6
611 226 5
280 666 10
465 869 1
407 338 4
549 983 7
947 132 5
829 536 3
443 578 5
587 68 1
529 783 10
503 962 1
458 977 6
84 248 4
623 515 5
794 398 5
648 505 1
256 475 9
762 258 9
587 424 10
758 950 5
193 530 3
68 338 4
172 878 4
601 109 7
514 602 3
453 870 5
364 649 3
841 764 9
414 148 10
44 880 2
977 441 10
437 700 5
972 112 4
181 545 5
231 656 1
133 564 9
513 677 3
821 300 9
100 422 8
569 304 4
69 95 8
772 574 6
500 13 5
8 128 5
673 770 5
211 178 1
882 598 4
19 277 9
952 999 2
527 683 2
960 548 9
955 745 8
550 517 9
158 978 4
680 111 9
105 740 5
694 738 1
479 282 8
467 68 5
525 96 8
880 986 9
30 850 6
625 539 4
497 621 8
841 207 6
888 51 4
393 962 6
759 861 4
28 402 7
180 674 6
227 705 2
633 111 7
505 730 2
156 518 1
251 269 8
488 261 6
261 954 5
123 893 7
248 937 2
823 528 1
641 920 2
279 540 8
493 314 6
24 614 2
174 699 8
816 381 9
967 914 6
535 42 4
345 253 10
954 997 8
96 736 2
887 76 1
771 722 6
272 69 4
546 437 10
858 185 1
308 800 7
386 72 6
319 243 5
149 85 1
471 303 5
256 470 10
952 73 3
435 80 3
697 75 4
728 304 4
252 66 6
121 135 8
686 200 7
325 197 3
819 424 7
35 966 2
704 124 2
154 979 5
589 30 5
250 774 8
556 513 8
953 814 9
260 980 5
347 683 7
245 260 10
267 404 3
758 929 2
352 228 1
633 440 1
461 831 6
999 169 4
315 129 8
369 777 4
882 553 4
686 92 6
835 933 7
74 569 8
909 200 1
912 299 4
299 491 4
248 436 9
271 108 4
580 205 10
940 316 2
114 593 10
643 442 3
655 30 7
382 961 10
436 547 9
184 166 10
953 162 2
738 612 10
145 8 7
215 92 2
479 605 6
436 748 1
664 905 10
733 424 6
650 110 7
734 480 5
0 603 7
977 864 8
233 357 3
807 531 2
639 293 7
921 87 2
899 362 1
581 714 9
216 426 9
545 899 10
64 7 5
432 131 1
812 72 8
813 393 2
520 624 6
953 983 3
970 625 4
889 896 3
76 689 8
17 217 6
210 114 10
790 332 4
708 104 7
446 959 1
447 305 1
376 940 2
993 740 7
347 496 7
930 883 1
517 750 3
596 701 1
271 631 6
287 471 5
823 665 7
471 685 8
352 63 3
635 564 1
12 563 5
603 838 6
560 480 1
987 697 6
733 45 1
722 918 10
144 937 8
459 958 3
117 292 4
814 704 3
571 287 4
470 502 4
844 369 3
249 644 2
278 534 5
937 943 7
685 996 3
823 112 3
190 501 7
509 813 4
484 533 9
201 288 4
209 999 9
869 267 10
75 395 5
308 12 5
697 471 10
197 619 3
77 809 4
226 560 2
982 572 5
973 887 4
772 302 7
991 857 1
91 238 1
484 775 10
927 884 9
319 822 9
411 343 5
871 493 3
160 3 5
14 684 9
348 494 7
444 7 3
381 662 7
104 110 10
891 808 6
171 45 7
84 279 3
18 140 6
865 32 3
477 675 7
939 32 4
800 930 5
78 585 1
248 248 10
671 210 4
177 212 7
989 666 8
690 967 6
709 553 9
73 240 3
656 929 3
908 213 10
480 223 9
774 987 9
877 331 9
593 555 3
938 416 2
350 824 4
368 804 9
368 662 4
956 559 5
655 502 7
450 202 8
982 124 6
794 791 6
94 616 3
513 887 4
639 545 1
939 900 5
228 834 3
913 519 6
446 771 7
262 276 3
86 194 2
706 606 10
708 370 8
2 177 4
116 469 10
203 822 1
982 331 6
39 672 6
189 755 10
728 32 2
338 846 7
224 847 3
113 420 6
631 817 3
228 437 4
995 858 6
680 340 6
848 335 5
908 335 4
188 287 4
721 20 9
589 725 1
962 806 2
965 987 2
349 234 7
496 715 6
173 157 8
402 877 3
70 468 6
852 33 10
609 253 7
556 322 6
490 384 4
237 206 7
295 65 9
35 40 2
717 111 2
939 421 1
849 568 8
273 623 8
46 986 4
548 32 4
334 210 6
60 221 9
616 812 10
377 623 7
19 790 8
916 874 5
236 330 1
379 210 1
628 739 5
573 419 3
413 31 10
23 477 8
290 812 3
126 699 10
525 580 2
351 188 10
13 248 5
666 359 10
679 312 6
978 360 4
644 10 8
349 209 10
437 348 3
47 18 9
698 118 6
11 680 2
787 393 9
877 349 3
323 37 1
205 542 9
325 641 8
304 314 1
549 530 10
106 746 9
219 549 4
696 253 2
100 343 2
779 297 10
649 188 5
536 215 10
337 485 3
147 719 1
551 52 7
357 334 10
163 54 9
646 118 4
824 531 4
575 539 5
426 564 8
568 31 2
669 387 4
256 129 8
754 890 3
22 13 10
903 232 10
13 432 4
833 809 2
582 964 9
472 368 2
461 67 2
747 852 7
781 459 5
499 58 9
136 357 1
218 789 2
392 736 7
500 339 1
706 434 9
371 593 8
669 58 2
274 357 4
48 229 10
902 611 2
555 268 1
820 681 2
114 69 10
550 933 10
31 552 9
513 454 5
915 869 7
810 772 5
536 448 1
540 410 7
405 739 8
234 68 8
638 84 10
38 297 8
977 800 1
981 202 3
343 473 2
493 181 6
573 488 10
233 353 2
835 182 3
901 277 10
822 588 4
100 847 1
961 220 10
718 377 7
57 678 8
370 170 10
865 510 9
566 293 9
221 900 2
967 989 10
947 485 9
255 235 7
539 984 8
879 128 7
368 201 10
251 463 4
193 198 4
755 630 2
64 621 8
126 133 10
380 934 8
141 664 9
508 113 3
76 686 9
732 596 4
135 3 10
990 189 2
788 364 5
300 870 9
281 367 5
518 580 1
61 313 9
226 142 8
729 616 10
286 799 2
71 919 10
13 832 6
928 600 5
855 554 9
228 364 7
285 628 3
729 180 8
390 876 7
56 764 7
631 15 9
396 949 3
946 162 4
262 84 7
49 606 3
627 851 7
80 228 3
900 133 3
419 317 7
716 278 4
457 660 7
337 894 7
63 86 5
712 654 7
962 851 8
981 364 8
235 285 8
698 659 2
533 254 8
201 206 2
925 43 6
148 607 9
518 536 6
144 397 6
94 248 2
389 91 4
265 945 6
197 194 9
114 6 3
590 39 8
626 871 10
271 419 5
878 602 6
167 623 1
581 75 1
233 103 7
692 758 10
605 747 8
495 182 1
950 696 3
859 221 7
14 725 10
373 133 2
836 440 10
395 886 4
631 728 6
76 586 2
240 111 4
528 3 10
109 680 1
649 884 2
474 485 6
597 899 3
826 933 9
562 889 4
529 115 4
379 782 9
826 68 2
317 210 2
801 199 9
682 209 6
453 560 6
383 599 7
259 528 8
560 154 6
911 588 3
992 660 6
782 95 7
504 973 10
294 461 2
902 787 10
444 679 8
757 488 7
515 574 3
279 715 8
983 870 6
95 730 6
548 332 7
667 753 7
580 332 6
125 106 10
561 396 2
465 462 2
656 772 10
563 439 7
277 769 6
234 776 7
898 786 5
439 723 9
590 938 6
763 956 4
64 819 3
911 533 1
31 796 2
70 116 10
389 827 8
285 350 10
933 805 3
196 180 7
915 659 5
814 691 6
576 737 1
412 43 2
21 882 9
191 924 2
284 536 7
728 136 10
648 751 1
866 12 4
392 936 8
288 337 2
26 468 9
456 106 4
382 919 3
182 291 6
522 876 7
856 814 10
516 660 4
101 46 6
698 296 3
399 398 5
689 559 3
492 800 7
938 983 8
360 931 6
163 101 3
847 869 10
110 924 1
77 839 7
191 841 8
40 445 8
873 653 3
287 169 5
66 616 7
514 110 1
475 746 3
803 844 8
736 612 1
639 202 4
864 442 3
590 939 6
290 380 4
171 786 1
450 829 7
747 553 8
860 114 7
832 452 8
10 469 9
74 456 7
527 445 6
947 939 7
458 406 3
876 872 8
484 464 7
455 974 9
534 945 5
996 634 8
265 731 10
553 772 7
180 604 4
593 540 7
464 321 10
741 573 5
520 724 8
761 854 6
117 274 5
751 379 3
68 117 8
488 61 10
175 178 7
532 266 5
591 25 9
322 840 9
642 265 8
763 708 10
500 904 8
477 969 6
100 61 5
510 338 6
214 176 1
531 222 6
263 565 2
237 927 4
18 517 2
46 712 9
989 711 4
437 718 5
429 682 2
893 602 2
489 238 6
245 663 5
671 521 4
671 341 1
949 780 1
810 765 6
184 544 5
718 242 4
352 182 4
44 99 8
913 717 9
166 129 8
794 897 9
457 759 1
253 675 10
454 466 9
49 327 2
496 175 9
368 285 9
686 609 6
557 519 8
159 179 4
641 319 2
483 60 7
883 106 9
994 203 10
573 686 3
39 36 3
590 352 5
359 499 4
834 307 5
188 4 10
963 543 7
433 740 4
248 634 4
664 971 10
128 229 2
888 273 1
44 254 4
595 645 10
833 750 6
666 440 1
12 567 1
367 345 2
596 123 1
433 520 3
858 849 5
918 901 2
715 650 6
861 508 3
669 234 7
112 232 2
104 943 7
565 920 4
230 843 6
379 801 5
316 803 4
314 146 8
146 834 5
351 855 2
593 739 7
756 418 10
707 414 10
985 16 7
658 644 3
624 733 4
980 780 5
280 630 3
639 252 7
50 631 1
269 625 6
174 870 5
237 972 1
294 824 6
996 936 1
561 315 8
965 876 9
340 16 6
206 214 3
857 620 9
52 295 8
493 982 10
444 107 9
227 162 5
444 472 1
616 397 2
297 707 7
415 724 10
881 739 8
985 737 5
779 701 2
767 102 5
263 57 7
676 257 2
576 170 4
9 856 2
802 286 2
486 613 6
84 410 9
821 404 4
886 436 4
780 362 1
560 747 3
690 58 5
592 333 7
311 43 7
109 227 1
389 351 6
645 851 7
718 108 9
418 135 2
211 715 3
282 196 7
926 753 5
658 692 5
720 946 6
584 564 6
714 245 6
792 367 9
906 98 1
25 471 3
674 798 3
14 396 9
479 24 3
942 391 3
609 944 3
819 173 2
780 556 8
33 898 4
30 124 7
664 461 4
14 155 4
119 234 1
29 365 4
710 313 4
220 864 7
771 683 1
367 240 8
221 908 8
316 424 6
399 530 1
982 7 3
827 19 10
398 370 3
833 815 5
375 493 9
527 979 1
705 108 10
508 468 6
528 380 8
677 631 8
166 456 5
64 486 5
893 909 1
636 567 6
490 672 9
468 915 2
918 991 8
319 678 2
960 167 4
594 750 8
548 795 4
840 650 6
694 402 5
34 736 6
124 574 2
770 34 10
350 222 7
579 967 2
42 976 3
848 427 4
257 515 4
679 43 3
330 643 5
57 195 7
144 528 7
198 262 10
987 983 7
6 563 6
579 592 8
821 413 1
125 149 8
47 183 9
653 85 2
743 861 8
222 251 6
834 127 3
303 579 10
932 719 5
255 383 5
541 219 10
925 63 2
808 200 4
925 30 6
197 35 4
271 641 1
191 218 3
237 126 5
447 757 3
969 527 1
415 527 3
199 169 7
878 795 1
813 892 2
318 431 3
534 981 9
989 204 6
711 776 9
548 832 7
679 137 2
567 522 10
433 904 9
883 422 5
600 482 4
541 357 2
576 952 2
14 780 6
468 847 1
159 110 10
367 400 8
871 482 3
245 616 2
862 710 10
476 44 4
861 991 2
704 637 10
8 359 8
848 952 4
644 985 2
632 589 7
284 780 1
275 595 5
734 635 1
924 829 10
40 117 1
159 562 5
931 735 4
74 4 5
680 910 6
203 680 9
493 972 3
353 900 7
506 593 5
324 92 10
982 385 4
689 890 3
839 17 10
591 419 1
140 603 3
230 689 1
52 225 9
122 566 6
53 140 7
454 539 8
321 661 3
324 910 10
15 205 6
687 465 4
360 655 8
898 190 8
683 134 10
981 956 10
329 300 6
148 866 9
610 203 4
562 700 1
949 481 2
72 150 1
135 785 5
535 656 2
225 704 9
13 737 1
647 698 8
242 487 10
5 496 2
907 587 4
869 373 10
1 774 6
357 396 6
569 76 3
699 562 8
134 737 3
535 635 5
143 590 5
637 653 5
555 351 2
998 112 1
702 621 2
543 865 2
233 329 4
997 331 6
725 525 8
986 783 4
364 802 10
831 584 10
685 243 9
353 87 10
249 493 2
109 886 7
159 288 5
170 671 8
211 930 4
153 347 9
445 835 4
11 737 1
530 82 3
602 166 7
903 62 9
154 786 6
550 420 10
480 22 8
599 140 2
41 833 8
59 992 6
290 481 10
839 760 7
481 5 7
629 372 7
941 8 10
289 760 5
333 867 3
958 317 5
248 546 3
0 435 3
161 614 6
501 56 10
613 957 4
966 328 3
892 479 4
378 424 8
73 852 7
629 688 6
508 39 4
736 473 10
799 430 9
250 862 4
57 691 1
266 141 7
185 452 2
95 37 2
211 280 3
761 167 6
631 558 8
752 290 2
367 928 2
677 653 10
813 358 2
449 444 8
135 204 10
930 43 6
703 356 5
446 448 1
513 747 2
502 717 8
96 444 2
155 945 5
514 257 1
984 300 2
627 118 3
750 879 2
931 747 1
131 213 7
816 581 2
754 606 3
12 259 6
452 285 4
931 378 5
933 794 3
104 31 6
448 321 2
528 257 4
404 40 5
41 304 9
466 308 1
667 197 5
245 136 6
653 71 7
916 425 4
22 72 4
278 785 1
544 282 5
820 923 5
572 998 2
517 125 3
58 216 4
761 322 5
341 314 1
527 391 9
43 442 4
350 704 3
937 825 5
317 585 2
718 436 1
950 85 2
666 950 2
637 377 1
476 258 2
41 951 3
589 678 1
213 374 2
18 709 8
870 549 7
761 94 9
813 447 10
340 560 10
602 189 6
714 802 9
814 212 2
186 823 3
496 283 2
423 879 6
997 545 9
116 64 1
369 692 9
338 603 10
293 999 1
490 629 7
423 195 2
439 732 10
516 420 1
374 616 9
773 92 6
272 438 10
325 61 7
813 192 9
65 463 4
304 362 5
982 347 4
154 219 1
125 246 10
318 187 10
955 971 5
973 709 6
883 489 7
667 995 7
371 177 5
964 9 8
47 273 7
174 462 10
410 215 1
32 454 6
393 403 1
871 20 6
343 954 2
418 92 8
219 151 7
763 677 1
87 134 6
639 975 1
200 369 10
967 417 10
353 458 7
361 19 1
535 102 10
864 150 3
180 853 1
87 72 10
734 275 3
65 895 7
94 706 9
695 888 8
202 762 3
629 593 6
542 417 10
690 31 1
790 310 7
847 439 7
494 928 4
232 171 6
555 448 3
879 704 3
897 537 6
637 573 9
607 465 3
647 183 5
420 861 5
948 239 6
489 451 8
878 92 5
818 593 4
114 887 7
828 610 7
84 610 1
871 7 9
253 682 5
626 32 6
447 985 10
42 967 10
957 77 9
700 489 10
101 845 3
341 423 10
443 496 1
175 212 9
770 415 9
575 168 5
969 244 4
993 914 8
787 890 4
661 10 1
625 823 4
284 651 4
467 585 6
124 266 9
154 501 9
931 654 9
846 271 1
859 890 2
664 402 7
867 864 2
684 16 5
695 65 7
370 173 8
67 193 8
607 694 7
966 116 3
297 127 7
144 530 1
263 798 7
216 37 10
919 773 10
499 506 9
988 957 2
923 777 5
438 531 3
356 426 6
30 237 4
334 680 2
618 90 5
611 408 3
97 725 9
953 976 10
552 763 10
572 241 5
244 760 1
923 882 4
351 892 10
179 889 6
684 637 7
196 976 7
151 195 9
521 550 5
683 447 7
605 702 10
873 281 1
166 891 1
934 342 3
365 145 10
63 433 5
359 362 10
287 46 2
757 157 5
245 442 7
226 230 3
351 959 6
638 130 2
111 41 4
465 127 7
128 245 9
546 568 10
524 954 6
92 701 9
505 304 8
49 226 1
114 49 3
857 162 6
322 951 7
805 560 2
308 116 7
656 826 5
265 616 10
264 369 4
225 796 6
187 254 9
421 48 9
933 300 2
467 914 6
124 370 9
164 997 10
885 168 10
649 418 9
695 17 2
402 119 9
519 234 8
467 835 4
5 26 3
121 616 9
359 98 3
558 384 6
824 988 7
460 73 6
424 397 1
836 907 8
90 970 3
158 935 7
810 295 2
221 710 8
547 11 5
499 941 3
112 876 3
459 626 9
814 225 1
959 91 3
93 939 8
81 375 2
730 213 6
462 879 1
872 956 9
268 813 7
278 113 5
292 658 6
260 693 5
101 938 7
472 61 10
871 341 5
868 711 5
61 235 3
583 550 5
602 684 4
238 30 1
403 855 4
78 317 8
235 435 10
759 849 7
570 641 9
588 748 4
391 592 4
367 375 5
455 606 4
969 94 1
717 289 8
933 51 8
242 184 2
906 464 8
80 783 8
661 546 9
987 898 7
233 475 5
729 362 8
624 387 8
191 36 2
462 51 8
973 886 9
76 158 3
139 816 4
33 669 4
99 469 3
37 840 6
604 605 5
610 326 9
500 189 2
408 619 10
891 678 10
248 286 5
886 384 2
49 24 9
783 645 5
157 766 5
904 184 10
455 386 4
907 952 7
850 332 3
17 699 6
383 133 7
238 548 6
188 325 5
759 632 7
401 694 10
378 477 6
742 595 7
134 135 7
582 840 2
787 417 3
566 522 3
453 436 5
130 766 4
602 87 10
471 313 6
474 461 10
932 906 7
172 780 6
40 614 10
57 952 3
621 109 7
694 351 6
90 722 9
872 248 4
510 911 1
652 350 3
464 799 9
470 106 4
757 704 7
186 400 9
274 958 9
389 211 6
816 607 5
625 373 10
747 677 9
916 236 9
923 987 4
581 379 1
700 136 6
889 618 4
343 680 6
253 659 2
728 414 8
903 495 1
84 155 10
68 236 10
818 607 3
11 589 10
546 448 6
583 350 6
388 396 1
517 485 6
962 339 10
728 681 2
106 462 4
164 563 7
986 126 4
218 535 6
919 347 9
577 620 1
73 874 5
829 391 3
814 750 10
617 459 2
967 248 1
235 589 4
516 110 2
52 352 6
97 121 8
603 15 10
484 938 1
227 194 9
404 284 7
213 440 9
715 258 10
633 256 7
648 704 5
894 795 7
725 16 2
256 346 3
720 793 4
414 33 1
448 367 7
415 213 10
295 983 3
432 916 5
16 460 6
449 624 8
533 765 3
697 87 6
659 612 4
897 928 3
987 559 3
900 405 10
742 222 4
580 115 10
51 127 6
892 521 6
87 442 3
551 835 1
804 329 1
331 207 9
493 648 10
26 329 6
948 580 1
442 337 8
150 61 7
780 197 6
343 483 7
208 581 6
688 899 1
128 563 7
415 301 6
664 765 5
377 464 6
448 817 10
589 65 1
750 63 7
827 826 7
32 598 7
999 893 3
354 575 1
723 872 10
494 21 10
259 240 5
431 289 1
849 812 5
7 99 2
844 893 3
237 715 7
653 799 3
957 493 6
402 426 10
765 451 1
576 844 1
943 662 7
951 305 3
764 678 7
417 609 4
408 592 1
399 223 4
947 241 9
954 778 7
325 176 2
151 67 2
917 467 7
402 471 4
8 535 10
754 960 8
362 266 10
460 833 9
457 831 8
721 613 1
875 86 2
448 953 8
199 147 5
521 587 8
191 491 4
304 889 8
867 899 1
73 625 5
333 931 3
6 854 10
741 694 8
820 116 10
33 772 3
493 28 7
714 705 1
645 627 8
891 774 1
573 996 1
509 199 6
385 233 5
478 720 8
451 99 5
157 762 3
937 459 7
182 739 1
345 484 3
183 633 7
808 700 10
453 967 3
586 217 2
116 538 7
57 693 4
767 853 6
537 221 5
165 346 7
581 858 9
219 757 7
562 980 3
974 715 7
796 907 5
60 145 4
233 590 6
840 598 5
931 224 4
840 793 3
755 633 4
619 146 7
53 984 9
424 313 1
202 863 3
3 572 2
45 715 4
209 329 7
92 7 3
409 607 9
339 277 7
746 164 3
94 375 1
452 94 2
709 901 8
942 739 4
790 641 5
713 343 7
697 478 2
419 859 4
991 357 1
80 683 2
888 661 8
987 196 1
224 79 5
921 851 1
324 595 10
187 780 3
559 305 9
814 318 9
245 925 5
90 508 9
858 787 7
17 313 4
457 554 3
82 808 7
255 697 2
505 749 10
531 452 10
285 981 3
237 574 4
16 568 9
183 130 9
321 543 10
906 95 9
761 997 5
523 531 9
486 689 7
175 395 10
727 278 5
47 975 6
113 537 9
177 352 1
488 476 6
992 491 5
544 987 2
410 336 3
379 252 8
225 746 10
601 244 9
503 69 3
455 828 10
916 515 3
189 434 8
443 778 4
510 406 2
393 248 6
402 379 5
749 228 1
560 868 8
636 652 10
49 652 10
693 32 10
620 445 1
547 593 10
508 587 1
869 142 8
212 144 9
488 751 4
475 55 3
758 533 1
952 247 2
541 768 1
712 534 4
296 512 3
397 606 9
926 964 3
601 903 4
151 600 1
798 572 9
396 687 10
78 626 3
186 804 1
715 57 7
503 179 3
51 229 6
670 590 10
848 569 1
491 482 7
343 665 2
531 798 8
337 16 6
790 572 1
885 149 6
21 76 3
243 679 5
73 210 4
954 297 10
366 786 2
838 358 7
254 233 4
343 141 6
770 968 8
490 98 8
169 338 8
737 179 10
844 147 5
206 673 8
59 816 10
911 555 8
231 879 3
240 804 10
683 483 7
442 230 4
560 972 3
705 725 8
973 452 5
555 381 9
146 598 7
488 818 4
568 641 2
449 755 10
50 529 3
769 841 5
835 891 6
145 112 2
461 796 5
918 116 9
656 29 8
731 816 5
686 684 8
367 791 1
572 607 3
186 84 2
428 76 5
757 15 7
645 508 6
522 88 8
220 418 1
317 838 7
165 600 7
960 381 8
116 109 1
242 117 5
495 165 8
478 111 7
176 45 7
234 113 7
168 222 3
86 906 4
160 179 1
270 577 10
768 148 10
152 952 9
121 83 7
419 15 6
481 873 8
686 551 6
467 742 6
757 246 5
679 139 8
263 41 3
876 195 10
454 315 5
370 323 9
674 620 6
164 160 10
179 663 4
776 998 1
830 484 1
353 797 4
984 283 8
198 59 3
206 421 8
251 922 1
188 317 4
32 37 10
249 238 5
650 345 5
806 219 3
103 266 6
530 490 1
751 565 2
41 143 1
491 628 9
237 241 10
321 205 10
542 698 10
154 439 8
867 535 7
946 859 8
416 427 1
624 292 9
327 548 8
121 297 2
917 826 4
752 716 9
145 548 3
321 686 3
563 504 6
322 105 1
234 648 3
538 532 4
696 450 10
981 753 7
608 548 7
535 109 1
774 622 3
983 907 8
244 562 1
968 502 3
317 605 7
898 478 3
977 352 2
872 452 3
963 986 8
930 207 8
607 126 8
362 414 5
553 378 6
845 556 6
249 203 3
784 555 5
95 733 1
690 46 9
586 896 2
437 276 4
266 780 9
926 475 9
974 269 5
532 580 1
956 251 1
603 787 9
200 3 2
136 182 4
332 569 2
745 898 10
399 698 4
309 695 5
239 119 6
58 784 1
70 484 6
407 926 9
895 85 1
385 109 4
91 538 4
995 232 2
274 987 4
763 751 8
55 486 10
555 80 6
565 31 10
258 384 5
662 825 2
318 165 10
73 803 1
101 163 1
57 94 7
903 198 10
174 121 7
508 175 10
42 14 10
36 931 6
487 185 6
963 583 5
311 726 1
874 853 1
238 130 10
132 527 5
10 406 8
672 792 10
368 839 3
299 947 4
151 388 2
618 103 7
291 269 8
500 524 2
431 233 5
271 688 2
991 899 10
464 628 3
955 257 6
277 809 8
386 657 10
968 667 5
444 201 1
867 419 5
176 756 3
873 906 10
875 133 8
199 436 8
777 585 2
522 976 1
660 384 8
898 987 7
828 528 6
770 922 4
777 495 9
380 644 6
885 327 3
145 809 10
398 280 4
258 920 4
696 644 2
567 337 1
310 298 5
491 20 10
587 213 1
597 916 7
68 302 8
442 881 8
63 940 6
805 521 2
199 594 1
216 48 9
193 502 7
131 36 4
664 507 8
770 282 2
814 44 3
64 686 2
838 913 10
371 932 7
400 694 5
948 506 1
557 692 6
731 378 1
880 582 1
673 450 7
237 837 2
495 646 1
460 107 1
709 106 3
943 431 7
83 673 1
35 396 3
519 379 3
798 622 3
333 458 6
631 783 6
693 899 9
436 16 8
34 732 2
546 529 5
757 339 4
666 899 3
486 253 2
556 873 5
297 562 8
460 550 1
535 548 7
452 79 7
232 640 4
932 396 5
179 179 7
214 730 7
226 877 3
206 453 2
955 774 8
477 2 5
924 812 3
709 383 10
407 234 5
185 258 5
412 98 8
52 676 5
27 50 7
426 690 2
326 779 5
224 429 10
426 30 5
790 962 5
24 96 4
940 631 8
417 430 5
545 994 10
781 572 2
254 110 10
857 114 5
488 610 3
920 828 4
465 290 9
644 253 2
108 868 3
424 892 9
355 900 10
908 371 1
87 825 8
485 304 5
878 91 6
233 662 9
320 797 8
18 484 7
940 223 6
260 596 4
401 185 10
381 913 2
124 411 5
167 518 6
124 713 1
564 685 4
2 138 3
865 831 7
701 785 8
831 946 8
621 54 10
896 184 10
259 211 10
17 700 10
270 181 3
232 219 1
984 613 9
691 85 1
95 724 2
732 542 9
843 690 8
555 27 10
745 161 1
371 257 4
322 45 9
249 739 1
114 651 3
612 243 8
278 357 5
515 38 9
310 989 6
829 217 8
89 294 8
801 964 6
412 220 6
417 376 10
242 644 7
628 903 9
756 277 9
760 357 3
500 6 5
35 155 6
687 627 2
692 146 5
410 705 10
446 452 8
751 888 1
529 995 4
567 602 1
870 456 2
272 634 6
85 193 8
869 873 8
701 431 2
590 280 4
361 685 2
996 994 5
803 183 7
128 645 8
567 696 4
101 893 6
457 483 10
660 396 6
140 178 7
630 257 2
633 46 9
549 653 10
288 729 1
55 181 10
821 603 1
9 431 4
860 629 1
5 936 10
0 376 3
967 815 3
691 944 7
559 98 10
203 77 2
537 609 4
701 906 2
759 138 5
537 543 4
389 516 8
864 654 6
43 401 6
69 816 3
362 675 8
280 998 3
676 31 9
202 451 1
696 441 9
376 710 6
445 93 7
627 572 7
832 636 1
386 350 7
911 971 6
948 606 6
197 758 5
684 776 1
131 684 1
153 153 6
314 841 5
115 549 10
233 350 1
87 195 4
125 385 10
533 403 7
689 534 10
256 829 1
699 510 6
874 1 6
583 916 1
987 568 8
150 738 9
251 645 7
572 243 5
163 440 3
924 480 8
702 732 10
666 581 7
879 593 4
601 279 9
41 475 10
550 20 5
178 369 6
592 853 7
93 958 10
324 396 6
731 718 5
564 455 10
837 758 9
319 960 6
160 233 6
381 305 2
655 215 8
8 90 8
407 586 7
600 817 3
650 314 2
368 70 3
174 44 5
471 785 3
817 215 1
800 465 2
661 524 2
571 309 2
688 391 8
784 815 5
624 638 10
838 857 2
309 472 4
470 131 3
89 815 3
477 39 5
120 153 5
81 723 4
861 482 5
868 288 10
38 648 3
998 323 1
718 684 1
476 609 2
163 346 9
658 265 9
282 298 3
850 112 3
551 538 10
352 57 7
754 221 9
450 695 5
962 205 9
53 514 8
357 372 7
475 417 8
905 377 5
286 490 5
211 643 1
637 315 10
128 212 4
388 753 3
590 989 4
259 225 10
633 306 8
697 255 8
730 313 9
199 407 7
53 2 4
957 294 10
822 899 10
30 886 1
564 449 4
324 969 3
995 186 5
406 20 6
4 840 1
254 885 2
827 110 9
210 551 6
27 525 1
901 702 4
969 243 3
181 644 5
550 353 10
36 235 3
336 877 8
286 577 8
271 780 5
944 565 3
356 113 1
171 51 9
990 978 3
61 852 9
514 351 5
434 26 5
86 207 5
849 261 8
349 638 3
299 336 4
418 574 5
469 207 2
355 24 9
854 461 9
717 197 1
35 100 10
334 924 6
638 605 6
644 306 9
271 404 1
218 173 3
64 598 3
307 555 8
302 397 7
276 400 2
790 60 5
44 906 9
70 199 8
852 429 3
444 424 1
239 400 8
952 772 9
356 217 2
833 92 3
567 49 10
899 445 7
745 795 1
121 810 3
89 431 10
866 987 6
201 517 8
74 885 3
187 331 2
288 221 8
407 300 3
509 952 6
211 456 1
514 133 4
971 243 6
887 231 6
621 185 9
909 584 1
798 444 4
464 212 10
409 238 1
369 198 4
773 208 1
818 787 9
277 434 6
853 670 10
731 809 7
621 439 8
31 215 8
428 902 5
940 796 9
154 614 9
318 478 7
839 258 2
496 156 8
215 242 3
754 849 9
589 236 4
413 148 4
754 563 3
113 114 9
224 507 2
520 772 6
600 578 1
635 226 3
737 711 3
134 664 5
735 71 3
953 226 6
558 339 6
582 989 10
729 365 3
98 133 7
169 556 6
457 380 5
804 436 5
230 640 6
556 834 4
429 715 8
335 577 9
167 89 3
180 701 6
670 522 5
295 345 5
812 856 8
83 106 8
487 618 8
203 276 4
808 307 6
209 390 3
360 444 2
531 495 10
339 94 2
136 384 5
239 58 1
272 450 3
479 432 10
125 844 4
286 460 4
239 676 3
802 78 1
842 87 10
101 196 5
12 89 5
248 328 4
601 125 9
267 594 6
231 735 2
517 27 7
857 805 6
834 661 9
150 46 2
559 551 6
129 801 6
303 926 7
144 856 3
293 525 8
542 789 2
845 925 7
500 351 3
624 10 4
514 748 10
22 259 10
378 214 6
183 683 4
870 502 3
739 249 10
848 1 6
366 2 2
578 941 6
765 647 2
608 560 1
848 0 4
258 602 1
92 135 1
935 577 9
924 243 1
35 458 2
615 827 1
441 397 2
462 145 2
566 318 10
29 44 5
468 38 1
159 318 3
693 779 3
811 517 5
547 391 6
758 612 9
197 94 6
333 808 9
221 683 3
344 761 9
67 212 5
426 879 7
573 425 9
197 293 1
210 8 5
683 302 8
307 375 6
796 836 5
75 85 5
979 399 9
859 982 2
834 328 10
150 54 2
645 447 10
404 767 6
134 203 7
384 132 7
377 384 6
620 156 1
48 269 8
750 151 2
408 677 9
522 176 7
722 897 2
226 103 3
569 725 5
85 987 8
230 717 1
556 308 6
668 139 9
116 936 8
426 249 10
771 188 5
295 595 2
565 296 1
241 848 4
587 741 7
391 202 6
42 836 7
786 685 4
393 934 9
89 358 5
126 544 8
478 780 1
744 763 1
171 289 7
54 986 9
993 97 7
664 728 7
359 850 1
859 341 4
776 247 9
123 113 1
464 38 9
233 432 1
